eps1	q	p	epsv
0	0	100	0
0.009869145	7.523596453	103.7617982	0.012636773
0.030032882	16.85569387	108.4278469	0.033230033
0.060115831	28.77573987	114.3878699	0.062247809
0.103415552	39.79432217	119.8971611	0.092201642
0.151055109	49.44011687	124.7200584	0.121219417
0.185675159	58.22145976	129.1107299	0.149769164
0.229566676	66.46907859	133.2345393	0.178318911
0.275825376	74.02698452	137.0134923	0.204060486
0.318434669	81.16930755	140.5846538	0.229802061
0.368046878	87.94302739	143.9715137	0.255543636
0.416574128	94.34274233	147.1713712	0.278477039
0.45504085	100.4545611	150.2272806	0.301878471
0.504258529	106.1082701	153.0541351	0.323407789
0.544599271	111.6120054	155.8060027	0.344937106
0.583953687	117.0025088	158.5012544	0.365062337
0.63484812	121.9244799	160.96224	0.38471954
0.678147841	126.7867214	163.3933607	0.402972657
0.726675092	131.3453816	165.6726908	0.421693803
0.773426954	135.678841	167.8394205	0.437606776
0.818699328	140.0419044	170.0209522	0.455391865
0.860420927	144.3483823	172.1741912	0.470368781
0.903720648	148.3195777	174.1597889	0.485813726
0.956489101	152.1161447	176.0580724	0.500322614
0.994462661	155.8778392	177.9389196	0.514831502
1.034408873	159.4782482	179.7391241	0.529340389
1.078300389	162.9010001	181.4505001	0.541509134
1.136592269	165.9489921	182.9744961	0.554145907
1.178905664	169.0473632	184.5236816	0.565846623
1.229602832	172.0181893	186.0090947	0.57707931
1.270634002	175.2231207	187.6115604	0.587843969
1.315807743	178.0699509	189.0349755	0.598608628
1.364729524	180.7602886	190.3801443	0.608905258
1.416906181	183.3873922	191.6936961	0.619201888
1.460797698	185.8868719	192.943436	0.627626403
1.508831785	188.2134754	194.1067377	0.636986976
1.552328771	190.7108681	195.3554341	0.64587952
1.591485922	193.2314487	196.6157244	0.653836007
1.632319828	195.7003701	197.8501851	0.661324465
1.677493569	197.9310841	198.9655421	0.669280952
1.725626288	199.7763338	199.8881669	0.675833353
1.770602764	201.8996355	200.9498178	0.681917725
1.820609503	204.0756339	202.037817	0.688470126
1.864994183	205.876938	202.938469	0.694554498
1.900896458	207.9757461	203.9878731	0.699702813
1.94685926	209.6247512	204.8123756	0.705787186
1.994696081	211.5206871	205.7603436	0.710467472
2.040757516	213.0003545	206.5001773	0.715615787
2.089777929	214.7709188	207.3854594	0.719828045
2.130710467	216.7135396	208.3567698	0.724508331
2.177758228	218.3020236	209.1510118	0.72825256
2.220959317	219.9148245	209.9574123	0.731528761
2.267908445	221.5744075	210.7872038	0.735741019
2.311799961	223.1998985	211.5999493	0.73854919
2.353817458	224.5031226	212.2515613	0.742293419
2.400667954	225.9998536	212.9999268	0.744633563
2.451069224	227.6887827	213.8443914	0.747909763
2.492100395	229.1961272	214.5980636	0.750249906
2.533624729	230.4298833	215.2149417	0.753058078
2.582053346	231.9422	215.9711	0.754462164
2.631369657	233.2002775	216.6001388	0.757270336
2.67437348	234.4247259	217.212363	0.75914245
2.718067732	235.7177316	217.8588658	0.760546536
2.761761984	237.1634402	218.5817201	0.761950622
2.803878113	238.2960363	219.1480182	0.763822737
2.850827241	239.5932304	219.7966152	0.764290765
2.894225595	240.6582876	220.3291438	0.766630909
2.943048743	241.6579544	220.8289772	0.766630909
2.985756668	243.0241027	221.5120514	0.766630909
3.027675533	244.149443	222.0747215	0.767566966
3.07196158	245.1131584	222.5565792	0.768034995
3.13252201	246.1055663	223.0527832	0.768034995
3.175427201	247.2858642	223.6429321	0.768034995
3.219220085	248.3726201	224.1863101	0.768034995
3.266465111	249.6385496	224.8192748	0.768034995
3.309370301	250.7949729	225.3974865	0.767098937
3.360264735	251.5346626	225.7673313	0.766630909
3.404057619	252.5606226	226.2803113	0.765694851
3.448738197	253.4147694	226.7073847	0.765694851
3.502197078	253.9920978	226.9960489	0.765226823
3.543425514	255.2014675	227.6007338	0.764290765
3.585541643	256.1212528	228.0606264	0.763822737
3.634068893	257.0307888	228.5153944	0.76288668
3.686442816	257.7292312	228.8646156	0.761014565
3.731222026	258.6915757	229.3457879	0.760078508
3.778072522	259.4514251	229.7257126	0.759610479
3.82502165	260.4661416	230.2330708	0.757738365
3.876113348	261.1487038	230.5743519	0.756802307
3.917045886	262.0292738	231.0146369	0.756334279
3.96872938	262.7941319	231.397066	0.753994135
4.023865016	263.5432854	231.7716427	0.753058078
4.069630553	264.1628799	232.08144	0.751185964
4.110858989	264.8937139	232.446857	0.749781878
4.157512219	265.5450517	232.7725259	0.747909763
4.199529716	266.571638	233.285819	0.745101591
4.244013029	267.1241063	233.5620532	0.744633563
4.285931893	268.1693994	234.0846997	0.742761448
4.326963064	268.8128033	234.4064017	0.739953276
4.370558683	269.4864376	234.7432188	0.738081162
4.425497053	270.0281188	235.0140594	0.735741019
4.473827038	270.8252184	235.4126092	0.732464818
4.518507616	271.4222311	235.7111156	0.730592704
4.562497765	272.3732763	236.1866382	0.727784532
4.609940057	272.9671087	236.4835544	0.72497636
4.658270041	273.257202	236.628601	0.722636217
4.705909598	274.2114373	237.1057187	0.719360016
4.753845052	274.6521039	237.326052	0.717019873
4.798920161	275.2067484	237.6033742	0.71467973
4.841825351	275.8467045	237.9233523	0.712339587
4.886210031	276.8468788	238.4234394	0.7076593
4.934835914	277.0451494	238.5225747	0.705787186
4.982376838	277.4721975	238.7360988	0.702510985
5.0245916	278.2147126	239.1073563	0.699234785
5.078050481	278.7820403	239.3910202	0.695958584
5.125887303	279.3866652	239.6933326	0.69408647
5.172737798	279.8721238	239.9360619	0.689874212
5.215445724	280.4763149	240.2381575	0.686129983
5.260126302	281.1281515	240.5640758	0.682853782
5.311415265	281.4234507	240.7117254	0.679109553
5.359252087	281.9512785	240.9756393	0.676301382
5.404031297	282.8808654	241.4404327	0.672557152
5.453446241	283.2677391	241.6338696	0.668812923
5.497239125	283.8818686	241.9409343	0.665068694
5.543004662	284.0540145	242.0270073	0.662728551
5.58807977	284.3468523	242.1734262	0.658984322
5.635423429	285.1590304	242.5795152	0.655240093
5.680202639	285.8362461	242.9181231	0.651027835
5.725080482	286.2418626	243.1209313	0.647283606
5.77952569	286.4378513	243.2189257	0.644943463
5.823713104	286.2752123	243.1376062	0.641199234
5.871056763	287.3359108	243.6679554	0.636986976
5.917611361	287.6655211	243.8327606	0.633710776
5.96534955	288.2634366	244.1317183	0.630902604
6.005394394	288.4182484	244.2091242	0.627158375
6.046326932	288.9470875	244.4735438	0.623882174
6.090810245	289.4239894	244.7119947	0.618733859
6.133419538	289.4838598	244.7419299	0.615457659
6.181059094	290.048641	245.0243205	0.611245401
6.22830412	290.6386464	245.3193232	0.606565115
6.278113594	291.1529133	245.5764567	0.602820885
6.327528538	291.0085973	245.5042987	0.600012714
6.36934877	291.3711586	245.6855793	0.595800456
6.412451226	291.4275128	245.7137564	0.592524255
6.455553682	292.0982744	246.0491372	0.588311998
6.508026236	292.1146046	246.0573023	0.584567769
6.549945101	292.8471116	246.4235558	0.579887482
6.597387392	293.1908972	246.5954486	0.576143253
6.646407805	293.0520143	246.5260072	0.572399024
6.688523935	293.4838605	246.7419303	0.569590852
6.737149818	293.7851179	246.892559	0.564910566
6.783901681	293.9559472	246.9779736	0.561166337
6.829568585	294.2410208	247.1205104	0.556954079
6.86665445	294.7950781	247.3975391	0.552741821
6.92307231	294.9167365	247.4583683	0.548997592
6.963413053	295.3179137	247.6589569	0.546657449
7.014208853	295.3300655	247.6650328	0.541041105
7.060960716	296.3346921	248.1673461	0.536828848
7.110868823	296.9065252	248.4532626	0.533084618
7.157522053	296.8986828	248.4493414	0.528404332
7.201906733	297.2800185	248.6400093	0.524660103
7.245107822	297.6373653	248.8186827	0.520447845
7.298270805	298.2421211	249.1210606	0.514831502
7.34660079	298.3694024	249.1847012	0.511555301
7.398185651	298.1046567	249.0523284	0.507343043
7.444345718	298.7156476	249.3578238	0.502662757
7.485376889	299.0702932	249.5351466	0.498918528
7.534397302	299.062317	249.5311585	0.49470627
7.577992921	299.031625	249.5158125	0.49143007
7.620996744	299.394507	249.6972535	0.487217812
7.666959546	299.4585994	249.7292997	0.483941611
7.719136203	299.7222525	249.8611263	0.479729354
7.756123437	299.8477798	249.9238899	0.475985125
7.807806931	300.4616875	250.2308438	0.471304838
7.857517772	300.4081383	250.2040692	0.467560609
7.9044669	300.5430116	250.2715058	0.46381638
7.953388681	300.7651175	250.3825588	0.460072151
7.998069259	300.7273779	250.363689	0.456327922
8.04363753	301.483305	250.7416525	0.450711578
8.091079821	302.1609772	251.0804886	0.446967349
8.128757483	301.8992631	250.9496316	0.443691149
8.173438061	302.4768621	251.2384311	0.438074805
8.220584454	302.2846398	251.1423199	0.434330576
8.268125378	302.2032477	251.1016239	0.431054375
8.313792282	302.5831385	251.2915693	0.426374089
8.363404491	302.872878	251.436439	0.421693803
8.409663191	303.1661105	251.5830553	0.417481545
8.45779591	303.1213817	251.5606909	0.413269287
8.506914956	303.4566842	251.7283421	0.409525058
8.548340657	303.4690953	251.7345477	0.405780829
8.596078847	303.5013763	251.7506882	0.401568571
8.644507464	303.8277794	251.9138897	0.397356313
8.691555225	303.9902438	251.9951219	0.393612084
8.731008274	304.1254387	252.0627194	0.389399827
8.778943728	304.6029737	252.3014869	0.38471954
8.82530106	304.5396508	252.2698254	0.38144334
8.874814637	304.7529195	252.3764598	0.375358967
8.924821376	305.2570063	252.6285032	0.37114671
8.966937506	304.934092	252.467046	0.366934452
9.016184774	305.6098942	252.8049471	0.363190223
9.060115744	305.5506197	252.7753099	0.358977965
9.104105893	305.8169096	252.9084548	0.35382965
9.151893399	306.3830895	253.1915448	0.349149364
9.194039118	306.1353922	253.0676961	0.344937106
9.233807791	306.5101613	253.2550807	0.340724848
9.282926837	306.3075486	253.1537743	0.336980619
9.328968545	306.4669924	253.2334962	0.332768361
9.376105075	307.0045302	253.5022651	0.327152018
9.426417576	307.0478233	253.5239117	0.32293976
9.471758992	307.3343038	253.6671519	0.318727502
9.521874227	307.3929627	253.6964814	0.314047216
9.566949336	307.5286021	253.7643011	0.309834958
9.604153561	307.4714373	253.7357187	0.305154672
9.651418313	307.9479426	253.9739713	0.300006357
9.695270377	307.8189483	253.9094742	0.295794099
9.742377317	307.9854303	253.9927152	0.290645784
9.786130749	307.5570514	253.7785257	0.286901555
9.833701262	307.6590561	253.8295281	0.283157326
9.883412104	307.9843722	253.9921861	0.278477039
9.932767868	308.0211162	254.0105581	0.27473281
9.986611416	308.0089012	254.0044506	0.270988581
10.03078897	307.6892419	253.844621	0.267712381
10.07486789	308.4557161	254.2278581	0.262564066
10.11793089	308.3228579	254.161429	0.259287865
10.16661595	308.461974	254.230987	0.256011665
10.22783722	309.1061345	254.5530673	0.249927293
10.27261643	308.8724116	254.4362058	0.245715035
10.32061106	308.3814018	254.1907009	0.242438834
10.35844654	308.9093683	254.4546842	0.237758548
10.41136294	308.5743688	254.2871844	0.234014319
10.45438649	308.7932038	254.3966019	0.229334033
10.50046765	309.0620151	254.5310076	0.225589803
10.54348134	308.8273273	254.4136637	0.221845574
10.58614981	308.8354933	254.4177467	0.218569374
10.63566339	309.3124432	254.6562216	0.216697259
10.67711868	309.3525303	254.6762652	0.209208801
10.7293841	309.1462873	254.5731437	0.206400629
10.76811713	308.3974323	254.1987162	0.2026564
10.82159574	309.0306254	254.5153127	0.197508085
10.86844624	309.6930435	254.8465218	0.194699913
10.91872915	309.7167891	254.8583946	0.189551598
10.96564869	309.8455617	254.9227809	0.185339341
11.00962897	309.9663113	254.9831557	0.180659054
11.05328377	309.9232309	254.9616155	0.175978768
11.10404998	310.3407177	255.1703589	0.171298481
11.14681709	310.0467429	255.0233715	0.167086224
11.19534434	310.1587734	255.0793867	0.162405937
11.24298389	310.3025801	255.1512901	0.159129737
11.28904533	310.2912037	255.1456019	0.15444945
11.3340218	310.2260177	255.1130089	0.149769164
11.38422581	310.1684886	255.0842443	0.145556906
11.42752553	310.206374	255.103187	0.143216763
11.47092388	310.1776538	255.0888269	0.138068448
11.52349507	310.260179	255.1300895	0.134324219
11.56748522	310.1501139	255.075057	0.130111961
11.61433572	309.9087594	254.9543797	0.126367732
11.65536689	310.0720378	255.0360189	0.122623503
11.70330234	310.2203734	255.1101867	0.119347303
11.74768702	310.6146847	255.3073424	0.115135045
11.79700333	310.384314	255.192157	0.10998673
11.84405109	310.1188795	255.0594398	0.106710529
11.88715355	310.1622971	255.0811486	0.103902358
11.93183413	310.6636887	255.3318444	0.098286014
11.97700787	310.5999913	255.2999957	0.095009813
12.03342573	311.0898083	255.5449042	0.088925441
12.08067075	310.9110768	255.4555384	0.085181212
12.12712672	311.0210272	255.5105136	0.081905012
12.17417448	311.1987536	255.5993768	0.077692754
12.22092634	311.4597606	255.7298803	0.073948525
12.26491649	311.5287361	255.7643681	0.070672324
12.30752578	311.622325	255.8111625	0.065992038
12.34865559	311.7614356	255.8807178	0.061311752
12.39836643	311.5000553	255.7500277	0.057567522
12.44866907	311.1233527	255.5616764	0.053823293
12.49482913	311.5286744	255.7643372	0.049611036
12.53901655	311.8999566	255.9499783	0.045398778
12.58369713	312.0330928	256.0165464	0.040718491
12.63005446	312.0373089	256.0186545	0.035570176
12.67789128	312.3456734	256.1728367	0.031357919
12.72069784	312.1940757	256.0970379	0.026677632
12.77031005	311.6435931	255.8217966	0.023401432
12.81952773	310.9470237	255.4735119	0.019189174
12.86489873	311.428751	255.7143755	0.016381002
12.90977657	311.5354751	255.7677376	0.011700716
12.95455578	311.3811785	255.6905893	0.008424515
13.00111038	310.9457307	255.4728654	0.004680286
13.05210345	311.0973142	255.5486571	0.000936057
13.09777035	310.8485545	255.4242773	-0.0032762
13.14215503	311.2428466	255.6214233	-0.006084372
13.18486296	310.7106417	255.3553209	-0.009360573
13.23546149	311.1993052	255.5996526	-0.013104802
13.27747899	311.3894869	255.6947435	-0.016849031
13.32077871	310.7127733	255.3563867	-0.019657203
13.36654425	311.0071089	255.5035545	-0.021529317
13.41655099	311.0340912	255.5170456	-0.027145661
13.46665636	310.9318448	255.4659224	-0.030421861
13.50768753	311.3814309	255.6907155	-0.033698062
13.55789153	311.2129971	255.6064986	-0.037442291
13.59872544	311.2916007	255.6458004	-0.039314406
13.64961987	311.3663051	255.6831526	-0.043526663
13.69459635	311.5910351	255.7955176	-0.047270892
13.73592342	311.8364917	255.9182459	-0.051015122
13.780604	311.4816304	255.7408152	-0.054291322
13.82311466	311.2744774	255.6372387	-0.056163437
13.87174054	311.7697603	255.8848802	-0.060375694
13.91612522	311.6610297	255.8305149	-0.064119923
13.96554016	312.1125113	256.0562557	-0.068332181
14.00933305	311.7369857	255.8684929	-0.071608382
14.05509858	312.0593587	256.0296794	-0.075352611
14.10244224	312.3048902	256.1524451	-0.076288668
14.16083275	312.4014792	256.2007396	-0.081436983
14.20531607	312.5764273	256.2882137	-0.085181212
14.24762946	312.2501684	256.1250842	-0.087053327
14.3018774	311.5073451	255.7536726	-0.08939347
14.34271131	312.1014114	256.0507057	-0.092201642
14.38660283	311.7099833	255.8549917	-0.095477842
14.43729999	311.6243249	255.8121625	-0.099222071
14.47862706	312.2688368	256.1344184	-0.102498272
14.5243926	311.9953795	255.9976898	-0.106242501
14.56285932	311.9846623	255.9923312	-0.107646587
14.6075399	312.6911349	256.3455675	-0.111858844
14.65892749	312.6237176	256.3118588	-0.116071102
14.70775064	312.8139545	256.4069773	-0.118879274
14.75469977	312.4191186	256.2095593	-0.122155474
14.79553368	312.4980667	256.2490334	-0.124495618
14.83991836	312.0406783	256.0203392	-0.128239847
14.89239091	311.8853299	255.942665	-0.131516047
14.9358879	312.2538822	256.1269411	-0.133388162
14.98480968	312.4955606	256.2477803	-0.136664362
15.03659181	312.7389549	256.3694775	-0.14087662
15.08383683	312.9965238	256.4982619	-0.143216763
15.129701	312.8030373	256.4015187	-0.146024935
15.17951047	313.0381953	256.5190977	-0.149769164
15.22438832	313.2490201	256.6245101	-0.15444945
15.27636771	313.0169113	256.5084557	-0.157257622
15.32262641	313.3889525	256.6944763	-0.161001851
15.36632066	313.1960098	256.5980049	-0.161001851
15.4066614	313.239871	256.6199355	-0.166618195
15.45173651	313.6851978	256.8425989	-0.170362424
15.49986923	313.3434033	256.6717017	-0.172702567
15.53892775	314.1967154	257.0983577	-0.177382854
15.58469329	314.0925913	257.0462957	-0.181127083
15.63479866	312.9169197	256.4584599	-0.183935255
15.67918334	313.2538801	256.6269401	-0.187679484
15.73323401	313.5698513	256.7849257	-0.191423713
15.77998588	312.959907	256.4799535	-0.194231885
15.82072115	313.3402591	256.6701296	-0.197976114
15.86599352	312.9423495	256.4711748	-0.1993802
15.91560573	312.8609738	256.4304869	-0.203592457
15.96334392	313.0896835	256.5448418	-0.204996543
16.00910946	312.4674899	256.233745	-0.208272744
16.05842577	312.3773499	256.188675	-0.210612887
16.10133096	313.1420623	256.5710312	-0.214357116
16.15577617	312.7445472	256.3722736	-0.217165288
16.19582101	312.9263953	256.4631977	-0.21997346
16.24227698	312.6949108	256.3474554	-0.223717689
16.28764798	313.0015281	256.5007641	-0.226993889
16.33893695	312.3257172	256.1628586	-0.228866004
16.38647787	312.5957385	256.2978693	-0.231206147
16.43263794	312.2420122	256.1210061	-0.234950376
16.47435954	313.4002656	256.7001328	-0.238226577
16.52219636	313.6399938	256.8199969	-0.241970806
16.56717283	313.3622505	256.6811253	-0.244778978
16.61254384	313.2138148	256.6069074	-0.247587149
16.6553504	313.4806722	256.7403361	-0.25086335
16.70456808	313.431181	256.7155905	-0.25413955
16.74934729	313.1695058	256.5847529	-0.256947722
16.79945266	312.9536334	256.4768167	-0.258351808
16.84393597	312.9231646	256.4615823	-0.26115998
16.88644663	312.9276856	256.4638428	-0.264904209
16.94099047	312.6078639	256.303932	-0.267244352
16.98734781	313.1360847	256.5680424	-0.270052524
17.02897077	313.3190981	256.6595491	-0.273796753
17.07779392	313.0357284	256.5178642	-0.276136896
17.12030458	312.8086478	256.4043239	-0.280349154
17.17119901	312.0855664	256.0427832	-0.28175324
17.22455926	312.8825423	256.4412712	-0.284561412
17.26657676	312.2971618	256.1485809	-0.286901555
17.31194776	312.9018682	256.4509341	-0.289709727
17.36432169	312.375156	256.187578	-0.292517899
17.40959406	312.6412984	256.3206492	-0.296262128
17.46048849	312.6876025	256.3438013	-0.297666214
17.5010265	312.881035	256.4405175	-0.300942414
17.54580571	312.6264936	256.3132468	-0.303750586
17.59453023	312.3632282	256.1816141	-0.307026786
17.63822448	312.3511032	256.1755516	-0.308898901
17.68921754	312.2901231	256.1450616	-0.31264313
17.73024871	312.3682095	256.1841048	-0.315451302
17.77502793	312.3228617	256.1614309	-0.319195531
17.82137569	311.5066268	255.7533134	-0.320599617
17.86772346	311.6565311	255.8282656	-0.32293976
17.91407122	311.1648718	255.5824359	-0.324811875
17.96041899	310.7802008	255.3901004	-0.321535674
18.00676676	310.954372	255.477186	-0.328088075
18.05311452	311.2302789	255.6151395	-0.330896247
18.09946229	310.4450287	255.2225144	-0.332768361
18.14581005	310.8425596	255.4212798	-0.335108505
18.19215782	310.7224773	255.3612387	-0.336512591
18.23850559	311.4713996	255.7356998	-0.339320762
18.28485335	311.6412526	255.8206263	-0.341660906
18.33120112	311.2888738	255.6444369	-0.344937106
18.37754888	311.8701416	255.9350708	-0.347745278
18.42389665	311.3237761	255.6618881	-0.35055345
18.47024442	311.7087259	255.854363	-0.353361622
18.51659218	311.9715092	255.9857546	-0.356637822
18.56293995	311.599337	255.7996685	-0.358977965
18.60928771	311.5392234	255.7696117	-0.362254166
18.65563548	310.9262268	255.4631134	-0.365062337
18.70198325	311.1892245	255.5946123	-0.365530366
18.74833101	310.5451263	255.2725632	-0.366466423
18.79467878	311.2759457	255.6379729	-0.370210652
18.84102654	311.3137255	255.6568628	-0.373018824
18.88737431	310.771721	255.3858605	-0.374890939
18.93372208	311.3750375	255.6875188	-0.378167139
18.98006984	311.3300135	255.6650068	-0.380975311
19.02641761	311.6887767	255.8443884	-0.383315454
19.07276537	311.4689568	255.7344784	-0.387059683
19.11911314	311.6629958	255.8314979	-0.389399827
19.16546091	311.2524836	255.6262418	-0.392207998
19.21180867	310.7976361	255.3988181	-0.39501617
19.25815644	311.3418068	255.6709034	-0.396888285
19.3045042	310.1872576	255.0936288	-0.397824342
19.35085197	310.6402106	255.3201053	-0.400164485
19.39719974	310.4692907	255.2346454	-0.402504628
19.4435475	310.064016	255.032008	-0.403908714
19.48989527	310.6016121	255.3008061	-0.407184915
19.53624303	310.4569365	255.2284683	-0.408120972
19.5825908	310.5403528	255.2701764	-0.411865201
19.62893857	310.5700712	255.2850356	-0.413737316
19.67528633	310.2506939	255.125347	-0.416077459
19.7216341	310.3156113	255.1578057	-0.418417602
19.76798186	309.6345924	254.8172962	-0.420757745
19.81432963	309.8778921	254.9389461	-0.42262986
19.8606774	309.0824224	254.5412112	-0.424033946
19.90702516	310.2186244	255.1093122	-0.427778175
19.95337293	310.129073	255.0645365	-0.429650289
19.99972069	310.0438848	255.0219424	-0.432458461
20.04606846	309.5068397	254.7534199	-0.433862547
20.09241623	310.1921693	255.0960847	-0.437138748
20.13876399	310.0269471	255.0134736	-0.437138748
20.18511176	310.261351	255.1306755	-0.440882977
20.23145952	310.3014487	255.1507244	-0.44322312
20.27780729	310.1198186	255.0599093	-0.446031292
20.32415506	310.1815049	255.0907525	-0.448371435
20.37050282	309.3580173	254.6790087	-0.45024355
20.41685059	310.1649089	255.0824545	-0.453051721
20.46319835	310.0575306	255.0287653	-0.455391865
20.50954612	309.914949	254.9574745	-0.457263979
20.55589389	310.0895093	255.0447547	-0.46054018
20.60224165	309.4486116	254.7243058	-0.462880323
20.64858942	308.3922667	254.1961334	-0.465220466
20.69493718	308.6381776	254.3190888	-0.466624552
20.74128495	308.7509272	254.3754636	-0.468496666
20.78763272	308.2979511	254.1489756	-0.469432724
20.83398048	308.1395104	254.0697552	-0.471772867
20.88032825	308.4612844	254.2306422	-0.47411301
20.92667601	308.2865178	254.1432589	-0.476921182
20.97302378	307.8558513	253.9279257	-0.477857239
21.01937155	308.40315	254.201575	-0.479729354
21.06571931	308.5488963	254.2744482	-0.482069497
21.11206708	308.0355343	254.0177672	-0.483941611
21.15841484	308.7000064	254.3500032	-0.487217812
21.20476261	307.675178	253.837589	-0.488153869
21.25111038	306.9352875	253.4676438	-0.490962041
21.29745814	307.3234857	253.6617429	-0.491898098
21.34380591	306.9357055	253.4678528	-0.493302184
21.39015367	307.6613534	253.8306767	-0.497046413
21.43650144	307.6967249	253.8483625	-0.499386556
21.48284921	307.9180904	253.9590452	-0.502194728
21.52919697	307.3178186	253.6589093	-0.499854585
21.57554474	307.4190551	253.7095276	-0.504066843
21.6218925	307.6971284	253.8485642	-0.504534872
21.66824027	307.8378551	253.9189276	-0.507343043
21.71458804	307.537728	253.768864	-0.510619244
21.7609358	307.3197283	253.6598642	-0.512959387
21.80728357	306.57989	253.289945	-0.514363473
21.85363133	306.8019421	253.4009711	-0.516235587
21.8999791	307.0249615	253.5124808	-0.519979817
21.94632687	307.1139831	253.5569916	-0.520447845
21.99267463	307.0062111	253.5031056	-0.521851931
22.0390224	306.6948355	253.3474178	-0.524192074
22.08537016	305.8693503	252.9346752	-0.523724046
22.13171793	305.9508512	252.9754256	-0.526532217
22.1780657	306.5642081	253.2821041	-0.528404332
22.22441346	305.8111711	252.9055856	-0.530276447
22.27076123	306.5477305	253.2738653	-0.533552647
22.317109	306.2264329	253.1132165	-0.534488704
22.36345676	304.9576836	252.4788418	-0.534956733
22.40980453	305.4360276	252.7180138	-0.538232933
22.45615229	304.9300281	252.4650141	-0.539168991
22.50250006	304.4400836	252.2200418	-0.539637019
22.54884783	304.4744267	252.2372134	-0.541041105
22.59519559	304.4074941	252.2037471	-0.54291322
22.64154336	305.099706	252.549853	-0.545253363
22.68789112	304.7719719	252.385986	-0.54618942
22.73423889	304.7525906	252.3762953	-0.548529563
22.78058666	304.3029701	252.1514851	-0.549933649
22.82693442	304.0579275	252.0289638	-0.551805764
22.87328219	303.9575415	251.9787708	-0.552741821
22.91962995	304.2607993	252.1303997	-0.553677878
22.96597772	304.571951	252.2859755	-0.55648605
23.01232549	304.2755055	252.1377528	-0.558826193
23.05867325	304.4415806	252.2207903	-0.560230279
23.10502102	303.7522835	251.8761418	-0.561634365
23.15136878	303.9561486	251.9780743	-0.564442537
23.19771655	303.9069127	251.9534564	-0.564442537
23.24406432	304.297584	252.148792	-0.565846623
23.29041208	303.9531181	251.9765591	-0.567718738
23.33675985	303.6581588	251.8290794	-0.569590852
23.38310761	303.0240487	251.5120244	-0.569590852
23.42945538	303.0686733	251.5343367	-0.570994938
23.47580315	303.0694203	251.5347102	-0.572867053
23.52215091	303.2385707	251.6192854	-0.574739167
23.56849868	303.2906944	251.6453472	-0.578015368
23.61484644	302.9018589	251.4509295	-0.578483396
23.66119421	302.918637	251.4593185	-0.579419454
23.70754198	303.1691958	251.5845979	-0.58409974
23.75388974	302.2257273	251.1128637	-0.585035797
23.80023751	302.2323914	251.1161957	-0.586907912
23.84658527	302.5312247	251.2656124	-0.589248055
23.89293304	302.3470584	251.1735292	-0.591588198
23.93928081	302.4284368	251.2142184	-0.591588198
23.98562857	301.7204535	250.8602268	-0.591588198
24.03197634	301.8853618	250.9426809	-0.593928341
24.0783241	301.6007409	250.8003705	-0.594864399
24.12467187	301.6298281	250.8149141	-0.598140599
24.17101964	300.5484736	250.2742368	-0.59767257
24.2173674	301.0998309	250.5499155	-0.598608628
24.26371517	300.5761709	250.2880855	-0.600480742
24.31006293	300.8941423	250.4470712	-0.602352857
24.3564107	300.7029457	250.3514729	-0.602352857
24.40275847	300.6144638	250.3072319	-0.605161029
24.44910623	300.2330716	250.1165358	-0.606097086
24.495454	300.0641549	250.0320775	-0.605629057
24.54180176	299.5874472	249.7937236	-0.608437229
24.58814953	299.8051509	249.9025755	-0.608437229
24.6344973	300.3697871	250.1848936	-0.610309344
24.68084506	299.7464771	249.8732386	-0.611245401
24.72719283	299.9324852	249.9662426	-0.614521601
24.77354059	299.450678	249.725339	-0.616861745
24.81988836	299.7535305	249.8767653	-0.620137945
24.86623613	300.1372297	250.0686149	-0.621542031
24.91258389	299.7272477	249.8636239	-0.622946117
24.95893166	299.9280572	249.9640286	-0.62528626
25.00527942	299.9920374	249.9960187	-0.627158375
25.05162719	299.1775675	249.5887838	-0.628094432
25.09797496	299.1121871	249.5560936	-0.629498518
25.14432272	298.7510941	249.3755471	-0.630902604
25.19067049	299.104617	249.5523085	-0.63230669
25.23701825	298.9879572	249.4939786	-0.63230669
25.28336602	298.6625301	249.3312651	-0.63558289
25.32971379	298.6348694	249.3174347	-0.637923033
25.37606155	298.3535825	249.1767913	-0.637923033
25.42240932	298.1736546	249.0868273	-0.640731205
25.46875708	298.4741082	249.2370541	-0.643071348
25.51510485	298.0997906	249.0498953	-0.642135291
25.56145262	298.2094685	249.1047343	-0.644007406
25.60780038	297.822952	248.911476	-0.644943463
25.65414815	297.9349646	248.9674823	-0.64587952
25.70049591	297.2170689	248.6085345	-0.648219663
25.74684368	297.6614959	248.830748	-0.649623749
25.79319145	297.4238621	248.7119311	-0.651027835
25.83953921	297.4218161	248.7109081	-0.653367978
25.88588698	297.7176304	248.8588152	-0.653836007
25.93223474	297.7897122	248.8948561	-0.65617615
25.97858251	297.6277839	248.813892	-0.657112207
26.02493028	297.4167822	248.7083911	-0.660856437
26.07127804	297.5548036	248.7774018	-0.661324465
26.11762581	297.2759453	248.6379727	-0.662728551
26.16397357	297.0364902	248.5182451	-0.664600666
26.21032134	296.7375241	248.3687621	-0.666004752
26.25666911	296.9043775	248.4521888	-0.667876866
26.30301687	296.7718898	248.3859449	-0.667876866
26.34936464	295.9348787	247.9674394	-0.668344895
26.3957124	296.1402467	248.0701234	-0.673025181
26.44206017	295.7364697	247.8682349	-0.671153067
26.48840794	296.1140227	248.0570114	-0.674429267
26.5347557	296.021591	248.0107955	-0.67676941
26.58110347	295.6810913	247.8405457	-0.678641525
26.62745123	295.4013975	247.7006988	-0.680513639
26.673799	294.9200609	247.4600305	-0.680045611
26.72014677	294.5802095	247.2901048	-0.681917725
26.76649453	294.4757939	247.237897	-0.68378984
26.8128423	294.2880591	247.1440296	-0.684257868
26.85919006	294.9567787	247.4783894	-0.685661954
26.90553783	295.0476478	247.5238239	-0.684725897
26.9518856	294.6672294	247.3336147	-0.688938155
26.99823336	294.9665835	247.4832918	-0.689874212
27.04458113	293.8512916	246.9256458	-0.691278298
27.09092889	293.8572772	246.9286386	-0.691746327
27.13727666	293.923194	246.961597	-0.692214355
27.18362443	293.3058437	246.6529219	-0.693150413
27.22997219	293.746725	246.8733625	-0.695490556
27.27631996	293.6116586	246.8058293	-0.695958584
27.32266773	293.571258	246.785629	-0.695958584
27.36901549	293.715923	246.8579615	-0.696426613
27.41536326	292.9543181	246.4771591	-0.696894642
27.46171102	293.3875	246.69375	-0.698766756
27.50805879	293.9476177	246.9738089	-0.700170842
27.55440656	293.9125777	246.9562889	-0.700170842
27.60075432	293.7442916	246.8721458	-0.702510985
27.64710209	293.3623518	246.6811759	-0.702979014
27.69344985	293.1119932	246.5559966	-0.703915071
27.73979762	292.9984073	246.4992037	-0.703447043
27.78614539	293.103206	246.551603	-0.705319157
27.83249315	293.6314041	246.8157021	-0.707191272
27.87884092	293.6876707	246.8438354	-0.707191272
27.92518868	293.498729	246.7493645	-0.709531415
27.97153645	293.5372081	246.7686041	-0.710935501
28.01788422	293.6188896	246.8094448	-0.713275644
28.06423198	293.6726697	246.8363349	-0.713743673
28.11057975	293.8066481	246.9033241	-0.713743673
28.15692751	293.2440183	246.6220092	-0.715147759
28.20327528	293.3905523	246.6952762	-0.717487902
28.24962305	293.4842131	246.7421066	-0.717487902
28.29597081	293.4119221	246.7059611	-0.715615787
28.34231858	293.3496646	246.6748323	-0.717019873
28.38866634	293.2242651	246.6121326	-0.717487902
28.43501411	292.2214734	246.1107367	-0.719360016
28.48136188	292.0636709	246.0318355	-0.719828045
28.52770964	292.6361337	246.3180669	-0.721700159
28.57405741	292.9285428	246.4642714	-0.722636217
28.62040517	293.0918138	246.5459069	-0.72497636
28.66675294	293.6406939	246.820347	-0.727316503
28.71310071	292.9855969	246.4927985	-0.727316503
28.75944847	292.4147038	246.2073519	-0.727784532
28.80579624	292.8277671	246.4138836	-0.729188618
28.852144	293.5584667	246.7792334	-0.731060732
28.89849177	292.7188062	246.3594031	-0.731996789
28.94483954	292.1314877	246.0657439	-0.733868904
28.9911873	292.7239307	246.3619654	-0.733400875
29.03753507	292.6277902	246.3138951	-0.734336933
29.08388283	292.0710243	246.0355122	-0.734804961
29.1302306	292.4405668	246.2202834	-0.734336933
29.17657837	292.528369	246.2641845	-0.736677076
29.22292613	292.5030133	246.2515067	-0.737613133
29.2692739	292.4931304	246.2465652	-0.737613133
29.31562166	293.2555936	246.6277968	-0.739485248
29.36196943	292.9712353	246.4856177	-0.739953276
29.4083172	293.0022105	246.5011053	-0.736677076
29.45466496	292.5581793	246.2790897	-0.740889334
29.50101273	292.4810071	246.2405036	-0.741357362
29.54736049	292.2924691	246.1462346	-0.742293419
29.59370826	291.763021	245.8815105	-0.742761448
29.64005603	291.4222092	245.7111046	-0.745101591
29.68640379	291.5577935	245.7788968	-0.74556962
29.73275156	291.5742271	245.7871136	-0.746973706
29.77909932	291.1988671	245.5994336	-0.747909763
29.82544709	291.8379499	245.918975	-0.749781878
29.87179486	291.3994385	245.6997193	-0.750249906
29.91814262	291.4037398	245.7018699	-0.74884582
29.96449039	291.1596365	245.5798183	-0.74884582
30.01083815	291.0835088	245.5417544	-0.750717935
30.05718592	290.4673752	245.2336876	-0.750717935
30.10353369	291.3812074	245.6906037	-0.751653992
30.14988145	291.1623701	245.5811851	-0.751653992
30.19622922	291.54535	245.772675	-0.751653992
30.24257698	292.2063487	246.1031744	-0.75259005
30.28892475	292.315408	246.157704	-0.751653992
30.33527252	291.8079899	245.903995	-0.751653992
30.38162028	291.5089834	245.7544917	-0.75259005
30.42796805	291.8176287	245.9088144	-0.753058078
30.47431581	291.8245567	245.9122784	-0.753994135
30.52066358	292.2121742	246.1060871	-0.755398221
30.56701135	292.1623476	246.0811738	-0.75586625
30.61335911	292.3441241	246.1720621	-0.755398221
30.65970688	292.247881	246.1239405	-0.756334279
30.70605464	292.1020218	246.0510109	-0.756802307
30.75240241	292.7521902	246.3760951	-0.758674422
30.79875018	292.7883408	246.3941704	-0.759610479
30.84509794	292.6864701	246.3432351	-0.757738365
30.89144571	292.9497832	246.4748916	-0.761014565
30.93779347	292.7216492	246.3608246	-0.761014565
30.98414124	292.2860551	246.1430276	-0.760546536
31.03048901	293.0190462	246.5095231	-0.76288668
31.07683677	292.9598262	246.4799131	-0.763354708
31.12318454	292.4036838	246.2018419	-0.765226823
31.1695323	292.6907008	246.3453504	-0.763822737
31.21588007	292.190846	246.095423	-0.763822737
31.26222784	292.5292639	246.264632	-0.76616288
31.3085756	292.6105366	246.3052683	-0.765694851
31.35492337	292.3271994	246.1635997	-0.767098937
31.40127113	293.2041338	246.6020669	-0.767566966
31.4476189	292.7379358	246.3689679	-0.768971052
31.49396667	293.3512082	246.6756041	-0.770843166
31.54031443	293.0669696	246.5334848	-0.761482594
31.5866622	293.2553897	246.6276949	-0.770843166
31.63300996	292.3872958	246.1936479	-0.770375138
31.67935773	292.0615883	246.0307942	-0.768971052
31.7257055	291.9971224	245.9985612	-0.770375138
31.77205326	292.9946602	246.4973301	-0.772247252
31.81840103	292.9984089	246.4992045	-0.771311195
31.86474879	292.6889485	246.3444743	-0.772715281
31.91109656	292.7173323	246.3586662	-0.771779224
31.95744433	293.0131325	246.5065663	-0.77318331
32.00379209	292.3708706	246.1854353	-0.77318331
32.05013986	292.6789803	246.3394902	-0.772247252
32.09648762	293.2778822	246.6389411	-0.775991481
32.14283539	293.6376769	246.8188385	-0.775991481
32.18918316	293.30927	246.654635	-0.775055424
32.23553092	293.1206309	246.5603155	-0.777395567
32.28187869	293.2886085	246.6443043	-0.778799653
32.32822645	293.3360651	246.6680326	-0.778799653
32.37457422	293.2599246	246.6299623	-0.780671768
32.42092199	293.7749584	246.8874792	-0.781607825
32.46726975	293.4999166	246.7499583	-0.78347994
32.51361752	293.2242379	246.612119	-0.78347994
32.55996529	293.2866404	246.6433202	-0.782075854
