eps1	q	p	epsv
0.0	0.0	100	0.0
0.030759475	13.35648226	106.6782411	0.025303161
0.070098033	26.20027583	113.1001379	0.049686206
0.116929649	44.06183881	122.0309194	0.078209769
0.159127401	60.8651064	130.4325532	0.104893102
0.203297009	77.74440013	138.8722001	0.132956607
0.248156769	94.2150747	147.1075374	0.157799711
0.294002456	110.4324488	155.2162244	0.182182756
0.337284729	126.4151229	163.2075615	0.2033454
0.380074038	141.4361638	170.7180819	0.222667813
0.424440833	156.2354016	178.1177008	0.239689939
0.467131548	169.8837186	184.9418593	0.254871836
0.520174516	183.2192996	191.6096498	0.267293387
0.565921611	195.5472002	197.7736001	0.276954594
0.621922365	207.2640974	203.6320487	0.286155743
0.669838504	218.1648972	209.0824486	0.291676433
0.71459967	228.5818984	214.2909492	0.296277008
0.761036915	238.4370724	219.2185362	0.298117237
0.803530445	247.5291761	223.7645881	0.298117237
0.851840955	256.2604647	228.1302324	0.296737065
0.900545836	264.361592	232.180796	0.293056605
0.944814038	272.2548433	236.1274217	0.287995973
0.99558937	279.4966382	239.7483191	0.282015226
1.045674551	286.3403067	243.1701534	0.274654307
1.093393504	293.2121702	246.6060851	0.2649931
1.142591349	299.3932305	249.6966153	0.254411778
1.191887788	305.527528	252.763764	0.242910342
1.242170155	311.3048981	255.6524491	0.230028733
1.295903273	316.9348518	258.4674259	0.216227009
1.348354684	322.1014999	261.05075	0.201965227
1.39962298	327.3755334	263.6877667	0.185863216
1.450398311	332.2819548	266.1409774	0.16884109
1.501469422	336.9726857	268.4863429	0.151358906
1.556385654	341.5385058	270.7692529	0.132036493
1.601442599	345.9633872	272.9816936	0.113174136
1.655077124	350.2233365	275.1116683	0.093391665
1.710683507	354.053537	277.0267685	0.072229022
1.762148989	358.1409805	279.0704903	0.050606321
1.819135672	361.8431116	280.9215558	0.028523563
1.869911003	365.4177599	282.70888	0.005980747
1.91605247	369.2503646	284.6251823	-0.017482184
1.968996845	372.57781	286.288905	-0.041405172
2.020166548	375.9760182	287.9880091	-0.065788218
2.064138971	379.1636973	289.5818487	-0.090631321
2.118660832	382.5151892	291.2575946	-0.116394539
2.180872938	385.5145814	292.7572907	-0.143537929
2.226028475	388.2246791	294.1123396	-0.169761205
2.287550431	391.0299046	295.5149523	-0.196904595
2.335072197	393.7355751	296.8677876	-0.224047986
2.388312351	396.4789573	298.2394787	-0.252571548
2.441453912	398.942279	299.4711395	-0.279254881
2.501299788	401.7354001	300.8677001	-0.308238502
2.550990598	404.1592464	302.0796232	-0.337222122
2.602061708	406.4069601	303.2034801	-0.368045972
2.648400361	408.7780538	304.3890269	-0.398409765
2.70114755	410.7344923	305.3672462	-0.427853443
2.747683388	413.0246586	306.5123293	-0.458677293
2.79914887	415.2302352	307.6151176	-0.489041086
2.856825703	417.1183609	308.5591805	-0.520785051
2.909868671	419.2213792	309.6106896	-0.551148843
2.957587623	421.1936581	310.5968291	-0.583812923
3.004320647	422.8532708	311.4266354	-0.616016946
3.060321401	424.6550452	312.3275226	-0.647760911
3.120068685	426.4658037	313.2329019	-0.680885049
3.167787637	427.7249948	313.8624974	-0.713549129
3.221915127	429.7108136	314.8554068	-0.746673266
3.278606031	430.8072085	315.4036043	-0.780257461
3.324550312	432.5000705	316.2500353	-0.813381599
3.375128458	433.8777983	316.9388992	-0.847425851
3.425410825	435.4059462	317.7029731	-0.880549988
3.483186251	436.6478879	318.323944	-0.915054298
3.52873616	437.8402971	318.9201486	-0.949098551
3.581680535	439.1702925	319.5851463	-0.983142803
3.640639075	440.6133499	320.306675	-1.018107171
3.693780636	441.9112723	320.9556362	-1.053991653
3.742189739	442.9247741	321.4623871	-1.088035905
3.786852312	443.9647205	321.9823603	-1.12346033
3.840486837	444.9717838	322.4858919	-1.158424697
3.893431212	446.0122753	323.0061377	-1.193849122
3.943812172	447.1207054	323.5603527	-1.229733605
3.995080468	447.6946347	323.8473174	-1.264237914
4.047926251	448.7614706	324.3807353	-1.300122397
4.099588918	449.4359177	324.7179589	-1.336006879
4.154012186	450.4586428	325.2293214	-1.371431304
4.210703091	450.8977536	325.4488768	-1.407775844
4.266999623	451.6052569	325.8026285	-1.443660326
4.315507319	452.5941617	326.2970809	-1.480004866
4.372001038	453.0658045	326.5329023	-1.515889348
4.426424306	453.6399461	326.8199731	-1.55177383
4.468819243	453.9152998	326.9576499	-1.588578427
4.538031442	454.7492862	327.3746431	-1.62446291
4.584172909	454.9169199	327.45846	-1.659887335
4.636525727	455.6871469	327.8435735	-1.696691932
4.691146181	456.1531607	328.0765804	-1.733956587
4.742414477	456.4614633	328.2307317	-1.769841069
4.797823674	456.7661483	328.3830742	-1.807565781
4.852148349	457.284891	328.6424455	-1.843910321
4.907163174	457.8731287	328.9365644	-1.880714918
4.960896292	458.5866439	329.293322	-1.917059458
5.018573125	458.6761984	329.3380992	-1.953864055
5.082066938	458.5296528	329.2648264	-1.989748537
5.130377448	458.9991456	329.4995728	-2.027013192
5.177800622	459.3450819	329.672541	-2.064277847
5.227294246	459.7705388	329.8852694	-2.100162329
5.277970985	459.7678799	329.88394	-2.137887041
5.325591344	460.162645	330.0813225	-2.174691638
5.377056826	460.6006454	330.3003227	-2.21057612
5.430494166	460.5866318	330.2933159	-2.247380718
5.489156928	460.4711357	330.2355679	-2.284185315
5.545256275	460.9549609	330.4774805	-2.320989912
5.596031606	460.6650516	330.3325258	-2.356414337
5.648088645	461.2482203	330.6241102	-2.393678992
5.705568293	460.8349678	330.4174839	-2.428643359
5.754371767	461.4778615	330.7389308	-2.466828129
5.808203478	461.6435751	330.8217876	-2.503172668
5.861246446	461.620494	330.810247	-2.539517208
5.908373841	460.9321278	330.4660639	-2.576321805
5.962895702	460.8578154	330.4289077	-2.611286173
6.020276756	460.5861655	330.2930828	-2.64809077
6.075981732	460.0255649	330.0127825	-2.68443531
6.130897964	460.1357155	330.0678578	-2.720319792
6.183053596	460.1591481	330.0795741	-2.756204274
6.231659885	460.0668729	330.0334365	-2.792088757
6.288449382	460.2654207	330.1327104	-2.827973239
6.341393757	459.5677235	329.7838618	-2.862937606
6.392760646	459.65767	329.828835	-2.899282146
6.444226128	459.3789858	329.6894929	-2.934706571
6.503776225	459.3700692	329.6850346	-2.971051111
6.553565628	459.4497585	329.7248793	-3.00555542
6.61084809	459.8296972	329.9148486	-3.04189996
6.662313572	458.7847937	329.3923969	-3.077324385
6.70815926	458.5539813	329.2769907	-3.111828695
6.765441721	458.1232493	329.0616247	-3.14725312
6.819076246	457.8091913	328.9045957	-3.182677545
6.873105143	457.4768922	328.7384461	-3.218101969
6.926049518	456.9350011	328.4675006	-3.252146222
6.975247364	457.0626729	328.5313365	-3.288950819
7.032727011	455.9818265	327.9909133	-3.323455129
7.07896707	455.5130248	327.7565124	-3.357959439
7.127080394	455.3150419	327.657521	-3.393843921
7.173221861	454.6800892	327.3400446	-3.427428116
7.232377587	454.5749215	327.2874608	-3.463312598
7.284336033	453.476882	326.738441	-3.495976678
7.345266431	453.7719494	326.8859747	-3.531401103
7.390717747	453.1930304	326.5965152	-3.564525241
7.445535387	452.4065305	326.2032653	-3.597649378
7.503015034	451.9283795	325.9641898	-3.631693631
7.549649465	451.5298827	325.7649414	-3.665277826
7.603382583	451.4512422	325.7256211	-3.699322078
7.652580429	451.2366539	325.618327	-3.732446216
7.708383997	450.7028822	325.3514411	-3.766490468
7.763004451	450.2883207	325.1441604	-3.798694491
7.814075562	450.0043845	325.0021923	-3.832738743
7.867019937	449.0040685	324.5020343	-3.866322938
7.917795268	448.061855	324.0309275	-3.89852696
7.967781857	447.478707	323.7393535	-3.930730983
8.02545869	447.1983827	323.5991914	-3.962474948
8.073572014	446.3240953	323.1620477	-3.995599086
8.128882618	445.8532657	322.9266329	-4.027803108
8.194939846	445.2123962	322.6061981	-4.059547073
8.239996791	444.6759167	322.3379584	-4.090830981
8.295603173	444.373031	322.1865155	-4.123035004
8.347068655	443.9383493	321.9691747	-4.155239026
8.411055432	442.6524033	321.3262017	-4.185602819
8.466168851	442.2273481	321.1136741	-4.217346784
8.512507503	441.3723475	320.6861738	-4.247710577
8.569297	441.6412893	320.8206447	-4.279454542
8.614649723	440.0836984	320.0418492	-4.309818334
8.66867862	439.3595279	319.679764	-4.340642185
8.726454046	438.5107942	319.2553971	-4.37054592
8.777229378	438.0400321	319.0200161	-4.399989598
8.835892139	437.6291321	318.8145661	-4.430813448
8.88696325	436.6602654	318.3301327	-4.459797068
8.945034454	435.9542573	317.9771287	-4.490160861
8.996598529	435.4482247	317.7241124	-4.520064596
9.040965324	434.793063	317.3965315	-4.548588159
9.097557635	433.9557299	316.977865	-4.576651664
9.15119216	433.6467285	316.8233643	-4.606555399
9.197037848	433.5465638	316.7732819	-4.636919192
9.249686445	432.481895	316.2409475	-4.665902813
9.304109713	430.9967721	315.4983861	-4.693966318
9.356856902	429.3150231	314.6575116	-4.720649651
9.412167506	428.3958919	314.197946	-4.748713156
9.46609781	428.081138	314.040569	-4.776776662
9.518746406	427.7016094	313.8508047	-4.802999937
9.574648567	427.3561631	313.6780816	-4.830603385
9.626902792	426.9967717	313.4983859	-4.858206833
9.683692289	425.9372943	312.9686472	-4.885350223
9.730228127	425.1657677	312.5828839	-4.911573499
9.777454115	424.0053152	312.0026576	-4.938716889
9.829313969	423.6382609	311.8191305	-4.965400222
9.897047275	423.0290079	311.514504	-4.99116344
9.948907129	421.8265743	310.9132872	-5.016466601
9.996133117	421.4007343	310.7003672	-5.042229819
10.05335642	420.8799083	310.4399542	-5.068453095
10.10436838	420.0114042	310.0057021	-5.093756255
10.15886066	418.6576236	309.3288118	-5.118139301
10.20706272	418.617593	309.3087965	-5.143902519
10.25818312	417.6738231	308.8369116	-5.169205679
10.31215287	417.4790015	308.7395008	-5.194048783
10.3609169	416.4991446	308.2495723	-5.217971771
10.41391057	416.559137	308.2795685	-5.244195046
10.46796905	415.4053293	307.7026647	-5.26719792
10.52759802	415.1256551	307.5628276	-5.293421195
10.57720996	413.2286309	306.6143155	-5.315043896
10.62745289	412.864115	306.4320575	-5.338966884
10.68018036	412.2939586	306.1469793	-5.36334993
10.7288951	411.4308621	305.7154311	-5.386812861
10.78236201	411.2716025	305.6358013	-5.409815734
10.83008097	409.7495094	304.8747547	-5.43235855
10.8850465	409.2043972	304.6021986	-5.456281538
10.94569098	408.3546679	304.177334	-5.476984124
11.00060721	407.9272223	303.9636112	-5.498606825
11.05151071	407.0895151	303.5447576	-5.520229525
11.10140857	406.9061321	303.4530661	-5.542312284
11.156591	406.3125822	303.1562911	-5.565315157
11.22070595	405.7740036	302.8870018	-5.587397915
11.28091662	404.4939067	302.2469534	-5.608560559
11.33091306	403.6891738	301.8445869	-5.629723202
11.37783341	403.2135651	301.6067826	-5.650425788
11.43052145	402.0700017	301.0350009	-5.669748202
11.48631516	401.4757836	300.7378918	-5.691370903
11.53192422	400.7679727	300.3839864	-5.711153374
11.5829066	400.1394529	300.0697265	-5.731855959
11.63656084	398.5707979	299.285399	-5.751178373
11.69050101	397.6133328	298.8066664	-5.769580672
11.74064534	397.6998714	298.8499357	-5.789363143
11.7927221	397.6525663	298.8262832	-5.810065729
11.8528046	395.9468437	297.9734219	-5.829388142
11.90258414	394.7730271	297.3865136	-5.846870326
11.96438216	394.6154175	297.3077088	-5.867572912
12.0194167	394.4024623	297.2012312	-5.886895325
12.06478914	392.8404147	296.4202074	-5.905297624
12.12470404	391.7750353	295.8875177	-5.923239865
12.17966957	391.4712048	295.7356024	-5.941182106
12.22551525	390.6435789	295.3217895	-5.959124347
12.27422013	388.8806305	294.4403153	-5.976606531
12.32982652	388.9574736	294.4787368	-5.99500883
12.38937661	387.8331888	293.9165944	-6.012491013
12.43975757	387.8447215	293.9223608	-6.030433254
12.48806808	386.6628856	293.3314428	-6.046995323
12.54584351	386.561195	293.2805975	-6.064477507
12.59918226	386.8681633	293.4340817	-6.081959691
12.65409849	385.9097899	292.954895	-6.097601644
12.70467664	385.6227858	292.8113929	-6.115083828
12.75614212	385.6962864	292.8481432	-6.133026069
12.80800197	385.0070797	292.5035399	-6.15280854
12.86143931	383.4465929	291.7232965	-6.168450494
12.90836952	382.6851107	291.3425554	-6.185932678
12.95835611	382.1186925	291.0593463	-6.201574631
13.01277938	381.3977159	290.698858	-6.217676643
13.07439992	381.1697283	290.5848642	-6.232858539
13.12438651	380.4899503	290.2449752	-6.249420608
13.17871119	378.9908679	289.495434	-6.263682389
13.23520491	378.7000774	289.3500387	-6.280244458
13.2893324	377.5276993	288.7638497	-6.295426354
13.33981195	376.7783559	288.389178	-6.311068308
13.38802387	376.4203782	288.2101891	-6.325790147
13.4429401	375.4639796	287.7319898	-6.340511986
13.50170145	374.5347634	287.2673817	-6.355693882
13.55454724	373.2456895	286.6228448	-6.369495606
13.602069	372.6173622	286.3086811	-6.382837273
13.6505767	372.5278517	286.2639259	-6.397099054
13.70707042	371.7684	285.8842	-6.411820893
13.75843731	370.1488756	285.0744378	-6.424242445
13.81098731	370.7240752	285.3620376	-6.439424341
13.87103037	369.016787	284.5083935	-6.45230595
13.9204254	368.5059674	284.2529837	-6.466567731
13.97455289	367.5868545	283.7934273	-6.478529226
14.02651134	366.8403986	283.4201993	-6.49233095
14.08487832	366.3328639	283.166432	-6.505672616
14.13999174	366.1430658	283.0715329	-6.518094168
14.18879521	365.7547916	282.8773958	-6.530055662
14.23907758	365.275274	282.637637	-6.543397328
14.2955713	365.6279378	282.8139689	-6.55581888
14.34447337	364.7131131	282.3565566	-6.570080661
14.39771352	363.7135981	281.8567991	-6.5848025
14.45824955	362.8202708	281.4101354	-6.598144167
14.51158829	361.7763202	280.8881601	-6.611485833
14.56334955	361.8500771	280.9250386	-6.623907385
14.61609674	361.2031029	280.6015515	-6.637249051
14.66982986	360.8189844	280.4094922	-6.649210545
14.72198549	360.6259877	280.3129939	-6.662552212
14.7731552	359.6214425	279.8107213	-6.674513706
14.82383194	358.8594951	279.4297476	-6.6864752
14.87017059	357.9705008	278.9852504	-6.696596464
14.92873476	356.9364595	278.4682298	-6.709018016
14.98148195	356.7909851	278.3954926	-6.72097951
15.03422913	356.4371658	278.2185829	-6.732480946
15.08421572	356.4968363	278.2484182	-6.744902498
15.14258271	355.8017262	277.9008631	-6.756403935
15.1993722	354.79486	277.39743	-6.768365429
15.24945739	354.3322849	277.1661425	-6.779406808
15.30979623	353.928108	276.964054	-6.790448187
15.36076874	353.2809429	276.6404715	-6.801949624
15.41036096	352.30458	276.15229	-6.814831233
15.47138995	351.3570766	275.6785383	-6.824492439
15.5191089	351.204119	275.6020595	-6.836913991
15.56633489	350.7534567	275.3767284	-6.846575198
15.61415244	350.3595839	275.179792	-6.855776347
15.67094193	350.0246011	275.0123006	-6.866357669
15.72161867	349.5333533	274.7666767	-6.875558818
15.78126736	347.7437126	273.8718563	-6.885220025
15.83145114	348.0733102	274.0366551	-6.893961117
15.88478989	347.6395626	273.8197813	-6.904542438
15.9399033	345.877426	272.938713	-6.912823473
15.99205894	346.9865521	273.4932761	-6.922944737
16.04963718	346.278095	273.1390475	-6.931685829
16.10129984	345.6787857	272.8393929	-6.940886978
16.16449788	345.0381821	272.5190911	-6.950548185
16.218231	345.6186368	272.8093184	-6.960209392
16.26930211	344.495104	272.247552	-6.967570311
16.32826065	343.3134926	271.6567463	-6.974471173
16.38002191	342.3670127	271.1835064	-6.98413238
16.4286282	342.6197293	271.3098647	-6.993793587
16.47496685	342.7833221	271.3916611	-7.002994736
16.53402398	341.6043364	270.8021682	-7.012195885
16.57927811	341.0456458	270.5228229	-7.02047692
16.63054641	341.3021979	270.651099	-7.029678069
16.68516686	340.426879	270.2134395	-7.038879218
16.74540711	340.3720328	270.1860164	-7.04762031
16.80298535	338.6317732	269.3158866	-7.054521172
16.84676059	339.3842998	269.6921499	-7.063722321
16.89802888	338.8681806	269.4340903	-7.071543298
16.94969155	338.5185639	269.259282	-7.079824333
17.0001711	338.1486968	269.0743484	-7.087185252
17.06603115	338.5283083	269.2641542	-7.095926344
17.11739803	338.2713808	269.1356904	-7.104207378
17.17103256	338.2315679	269.115784	-7.112028355
17.21993463	337.9115576	268.9557788	-7.121229505
17.27396352	337.5470718	268.7735359	-7.129050481
17.32858398	336.2309298	268.1154649	-7.137791573
17.38596503	335.782423	267.8912115	-7.146072608
17.43506428	336.0527967	268.0263984	-7.152513412
17.48692414	334.5549416	267.2774708	-7.161254504
17.53819243	334.621878	267.310939	-7.169535538
17.59330585	334.8809709	267.4404855	-7.17827663
17.64447556	333.5175917	266.7587959	-7.186097607
17.69801149	333.4578579	266.728929	-7.193918584
17.75095586	332.6975961	266.3487981	-7.201279503
17.80202697	332.0251609	266.0125805	-7.207720308
17.85526713	331.6411268	265.8205634	-7.215081227
17.90801432	330.7125676	265.3562838	-7.221522032
17.96746582	330.7701438	265.3850719	-7.228882951
18.01883271	330.4459154	265.2229577	-7.235323756
18.06684744	330.1408807	265.0704404	-7.242224618
18.12324257	329.3278246	264.6639123	-7.247745307
18.17648272	330.2112488	265.1056244	-7.256026342
18.22992006	329.5629845	264.7814923	-7.261547031
18.28187851	328.5654257	264.2827129	-7.267987836
18.33492147	327.6725898	263.8362949	-7.273048468
18.39180956	327.4150611	263.7075306	-7.2781091
18.44268349	328.2632609	264.1316305	-7.286390135
18.49730394	327.3307905	263.6653953	-7.291450767
18.54709334	327.7403019	263.870151	-7.297431514
18.60062928	327.9642474	263.9821237	-7.304792433
18.65268632	327.4110941	263.7055471	-7.311233238
18.70434898	326.9798265	263.4899133	-7.316753927
18.75887084	327.2897866	263.6448933	-7.323654789
18.81132226	326.0636008	263.0318004	-7.329635536
18.8632807	325.9343314	262.9671657	-7.335156226
18.91247855	325.9519313	262.9759657	-7.341136973
18.97133849	325.4571237	262.7285619	-7.34711772
19.02438146	325.4219282	262.7109641	-7.354018582
19.07673428	324.9591573	262.4795787	-7.360459386
19.13658016	324.3120545	262.1560273	-7.365980076
19.18558082	324.165869	262.0829345	-7.371960823
19.2384266	323.8443316	261.9221658	-7.376561398
19.29827247	324.5696917	262.2848459	-7.382542145
19.35309011	323.3621719	261.681086	-7.388522892
19.40002032	322.7796414	261.3898207	-7.392663409
19.44773928	322.2448271	261.1224136	-7.398184099
19.50443018	321.8094251	260.9047126	-7.404164846
19.56003656	321.3051947	260.6525974	-7.409685535
19.60972737	321.2942224	260.6471112	-7.415206225
19.66079848	321.3495658	260.6747829	-7.419346742
19.72044717	320.551236	260.275618	-7.424867432
19.77043376	321.3123499	260.656175	-7.430388121
19.81874427	320.9735217	260.4867609	-7.435908811
19.87109709	320.4736542	260.2368271	-7.442349615
19.92335132	319.5331281	259.7665641	-7.44695019
19.97738021	319.7301101	259.8650551	-7.453851052
20.04166277	319.9382669	259.9691335	-7.458911684
20.09943819	319.2488739	259.624437	-7.463052201
20.15159383	318.5433896	259.2716948	-7.469032948
20.19872122	317.5779883	258.7889942	-7.47409358
20.25363745	317.7206906	258.8603453	-7.47961427
20.30675329	316.0833812	258.0416906	-7.48329473
20.35986914	316.5728297	258.2864149	-7.487895304
20.41298498	315.4291622	257.7145811	-7.491575764
20.46610082	315.9083613	257.9541807	-7.497096454
20.51921666	316.0009784	258.0004892	-7.501236971
20.5723325	315.9119049	257.9559525	-7.505377488
20.62544834	315.599923	257.7999615	-7.509978063
20.67856418	315.1795139	257.589757	-7.512738407
20.73168002	315.0514271	257.5257136	-7.518719154
20.78479586	315.7145495	257.8572748	-7.521939557
20.8379117	315.5188142	257.7594071	-7.525620016
20.89102754	314.7655109	257.3827555	-7.530220591
20.94414338	314.4204694	257.2102347	-7.534821166
20.99725923	314.4414185	257.2207093	-7.539881798
21.05037507	314.7622693	257.3811347	-7.542642143
21.10349091	314.3890529	257.1945265	-7.547702775
21.15660675	313.6177464	256.8088732	-7.552303349
21.20972259	313.5368665	256.7684333	-7.555523752
21.26283843	313.8389184	256.9194592	-7.559664269
21.31595427	313.8955785	256.9477893	-7.565645016
21.36907011	313.5666764	256.7833382	-7.569325476
21.42218595	312.7255744	256.3627872	-7.571165706
21.47530179	313.6071419	256.803571	-7.576226338
21.52841763	312.8673067	256.4336534	-7.579906797
21.58153348	312.3613722	256.1806861	-7.5831272
21.63464932	312.3826713	256.1913357	-7.587267717
21.68776516	311.2277081	255.6138541	-7.590948177
21.740881	311.2769513	255.6384757	-7.594628636
21.79399684	311.3588454	255.6794227	-7.598309096
21.84711268	311.1116659	255.555833	-7.601529498
21.90022852	310.6917839	255.345892	-7.602909671
21.95334436	311.0010302	255.5005151	-7.607510245
22.0064602	310.2993153	255.1496577	-7.610730648
22.05957604	309.7983772	254.8991886	-7.613030935
22.11269188	310.0882964	255.0441482	-7.617171452
22.16580772	309.8597117	254.9298559	-7.618551624
22.21892357	310.1276079	255.063804	-7.620851912
22.27203941	309.5193653	254.7596827	-7.624072314
22.32515525	310.2350377	255.1175189	-7.627752774
22.37827109	310.735784	255.367892	-7.630513119
22.43138693	309.6259186	254.8129593	-7.632813406
22.48450277	310.0446106	255.0223053	-7.636493866
22.53761861	310.2571227	255.1285614	-7.638794153
22.59073445	310.4650531	255.2325266	-7.642474613
22.64385029	309.574142	254.787071	-7.644314843
22.69696613	310.3518936	255.1759468	-7.649375475
22.75008197	309.3796146	254.6898073	-7.65029559
22.80319781	309.8704126	254.9352063	-7.654896164
22.85631366	311.1298108	255.5649054	-7.659036681
22.9094295	309.3838002	254.6919001	-7.662257084
22.96254534	309.9104029	254.9552015	-7.665017428
23.01566118	308.9052815	254.4526408	-7.666857658
23.06877702	309.4502285	254.7251143	-7.67191829
23.12189286	308.9511088	254.4755544	-7.67191829
23.1750087	308.9410421	254.4705211	-7.67559875
23.22812454	309.1211963	254.5605982	-7.678359095
23.28124038	309.092302	254.546151	-7.681579497
23.33435622	309.0307948	254.5153974	-7.684799899
23.38747206	308.1274877	254.0637439	-7.686180072
23.44058791	308.206952	254.103476	-7.689860532
23.49370375	308.9728775	254.4864388	-7.692620876
23.54681959	308.6639592	254.3319796	-7.696301336
23.59993543	308.8683565	254.4341783	-7.698601623
23.65305127	308.8196244	254.4098122	-7.701361968
23.70616711	309.0782899	254.539145	-7.70458237
23.75928295	309.6512501	254.8256251	-7.71010306
23.81239879	309.6975299	254.848765	-7.712863405
23.86551463	309.3310709	254.6655355	-7.716083807
23.91863047	308.3794958	254.1897479	-7.719764267
23.97174631	308.9066394	254.4533197	-7.722524612
24.02486215	308.6535111	254.3267556	-7.724364841
24.077978	308.0060234	254.0030117	-7.725284956
24.13109384	308.4583481	254.2291741	-7.728965416
24.18420968	308.0988953	254.0494477	-7.732185818
24.23732552	307.2541866	253.6270933	-7.733105933
24.29044136	308.0334231	254.0167116	-7.735866278
24.3435572	307.0668092	253.5334046	-7.73724645
24.39667304	308.209196	254.104598	-7.739546738
24.44978888	307.2674014	253.6337007	-7.741386968
24.50290472	308.0202951	254.0101476	-7.743227198
24.55602056	308.1291806	254.0645903	-7.745067427
24.6091364	307.173403	253.5867015	-7.745527485
24.66225224	307.0838548	253.5419274	-7.747827772
24.71536809	307.4321866	253.7160933	-7.75012806
24.76848393	307.989054	253.994527	-7.752428347
24.82159977	308.592877	254.2964385	-7.755648749
24.87471561	308.6633666	254.3316833	-7.758869151
24.92783145	308.5691041	254.2845521	-7.759789266
24.98094729	307.4915488	253.7457744	-7.761629496
25.03406313	308.1495953	254.0747977	-7.764849898
25.08717897	308.0170628	254.0085314	-7.765770013
25.14029481	308.9408586	254.4704293	-7.768070301
25.19341065	309.7584061	254.8792031	-7.769450473
25.24652649	309.770038	254.885019	-7.772210818
25.29964233	309.519454	254.759727	-7.774051048
25.35275818	310.0542785	255.0271393	-7.776351335
25.40587402	310.3351174	255.1675587	-7.77911168
25.45898986	310.2646258	255.1323129	-7.781411967
25.5121057	309.380205	254.6901025	-7.78279214
25.56522154	309.1417636	254.5708818	-7.784632369
25.61833738	309.1478975	254.5739488	-7.786472599
25.67145322	309.1398486	254.5699243	-7.788772887
25.72456906	309.8693456	254.9346728	-7.789232944
25.7776849	308.9703511	254.4851756	-7.791993289
25.83080074	309.0615122	254.5307561	-7.794293576
25.88391658	309.8394398	254.9197199	-7.796593863
25.93703243	309.8430942	254.9215471	-7.798434093
25.99014827	310.0433981	255.0216991	-7.801194438
26.04326411	309.8970127	254.9485064	-7.800734381
26.09637995	309.8396105	254.9198053	-7.803954783
26.14949579	310.8090071	255.4045036	-7.807175185
26.20261163	310.7121057	255.3560529	-7.808555358
26.25572747	311.4128197	255.7064099	-7.811315702
26.30884331	310.9112605	255.4556303	-7.812695875
26.36195915	311.208054	255.604027	-7.814996162
26.41507499	311.5386246	255.7693123	-7.818216564
26.46819083	311.6297948	255.8148974	-7.818216564
26.52130667	311.7483522	255.8741761	-7.821436967
26.57442252	311.1313831	255.5656916	-7.824197311
26.62753836	311.1470038	255.5735019	-7.826497599
26.6806542	311.7457062	255.8728531	-7.827877771
26.73377004	311.622164	255.811082	-7.828797886
26.78688588	310.8334908	255.4167454	-7.829257944
26.84000172	310.9685986	255.4842993	-7.832478346
26.89311756	311.5260429	255.7630215	-7.834318576
26.9462334	311.7349427	255.8674714	-7.83707892
26.99934924	311.2389625	255.6194813	-7.836618863
27.05246508	310.9492225	255.4746113	-7.839379208
27.10558092	310.9359654	255.4679827	-7.842139553
27.15869676	311.844314	255.922157	-7.84443984
27.21181261	311.9064925	255.9532463	-7.843979782
27.26492845	311.6333267	255.8166634	-7.844899897
27.31804429	311.2923503	255.6461752	-7.8481203
27.37116013	311.0989196	255.5494598	-7.849040415
27.42427597	310.2782767	255.1391384	-7.849040415
27.47739181	310.1117922	255.0558961	-7.851340702
27.53050765	310.305953	255.1529765	-7.851340702
27.58362349	310.7958009	255.3979005	-7.852260817
27.63673933	311.7879395	255.8939698	-7.854101047
27.68985517	311.7587894	255.8793947	-7.854561104
27.74297101	311.3911	255.69555	-7.854101047
27.79608686	311.5954263	255.7977132	-7.853640989
27.8492027	312.0356104	256.0178052	-7.855481219
27.90231854	312.790632	256.395316	-7.857321449
27.95543438	312.1677511	256.0838756	-7.858701621
28.00855022	312.461252	256.230626	-7.860081794
28.06166606	312.9937088	256.4968544	-7.862382081
28.1147819	313.2336236	256.6168118	-7.862842138
28.16789774	312.7803278	256.3901639	-7.864222311
28.22101358	312.9394117	256.4697059	-7.865142426
28.27412942	313.0012369	256.5006185	-7.866062541
28.32724526	313.3571294	256.6785647	-7.867442713
28.3803611	313.425188	256.712594	-7.863762253
28.43347695	313.8050177	256.9025089	-7.868822886
28.48659279	312.5419952	256.2709976	-7.868822886
28.53970863	313.1185002	256.5592501	-7.870203058
28.59282447	313.7298723	256.8649362	-7.87158323
28.64594031	314.4301237	257.2150619	-7.872963403
28.69905615	314.0705853	257.0352927	-7.874803633
28.75217199	314.1746771	257.0873386	-7.876183805
28.80528783	314.037746	257.018873	-7.875723748
28.85840367	314.5544703	257.2772352	-7.87710392
28.91151951	314.6815716	257.3407858	-7.876183805
28.96463535	314.8492922	257.4246461	-7.877563977
29.01775119	314.9353831	257.4676916	-7.878024035
29.07086704	315.5447947	257.7723974	-7.87710392
29.12398288	314.8129912	257.4064956	-7.87710392
29.17709872	314.9515458	257.4757729	-7.877563977
29.23021456	315.002808	257.501404	-7.87710392
29.2833304	314.5830739	257.291537	-7.876643862
29.33644624	315.3976149	257.6988075	-7.877563977
29.38956208	315.7393594	257.8696797	-7.87894415
29.44267792	315.3389148	257.6694574	-7.875723748
29.49579376	316.0074524	258.0037262	-7.876643862
29.5489096	316.7339508	258.3669754	-7.877563977
29.60202544	316.5288505	258.2644253	-7.876183805
29.65514129	316.5940896	258.2970448	-7.877563977
29.70825713	316.665614	258.332807	-7.876643862
29.76137297	317.711514	258.855757	-7.876183805
29.81448881	317.6709018	258.8354509	-7.876643862
29.86760465	317.1882903	258.5941452	-7.876643862
29.92072049	317.129206	258.564603	-7.87526369
29.97383633	316.9055519	258.452776	-7.87158323
