eps1	q	p	epsv
0	0	100	0
0.004947677	6.905866822	103.4529334	0.007820174
0.030718125	18.15429881	109.0771494	0.025300564
0.052854411	29.53402532	114.7670127	0.042320943
0.079576278	40.32695603	120.163478	0.058881312
0.104272158	51.92273395	125.961367	0.078661753
0.141301333	66.76553203	133.382766	0.100742245
0.179312713	83.13361431	141.5668072	0.121902716
0.221547581	100.0405632	150.0202816	0.144903229
0.259755403	116.7237868	158.3618934	0.16514368
0.294525503	132.8486371	166.4243186	0.18446411
0.333224429	148.8876729	174.4438365	0.20240451
0.365440793	164.2598724	182.1299362	0.216664828
0.404827262	179.3032068	189.6516034	0.230465135
0.44863366	193.7531806	196.8765903	0.242425402
0.492145396	207.1778634	203.5889317	0.251165597
0.524165319	220.1152642	210.0576321	0.258525761
0.568266378	232.4054917	216.2027459	0.264505894
0.605688435	243.9255572	221.9627786	0.268645986
0.644190919	255.3087049	227.6543525	0.269566007
0.687506213	265.987873	232.9939365	0.270026017
0.725812256	276.4033141	238.2016571	0.268645986
0.768734668	286.1915064	243.0957532	0.264965904
0.806549608	295.4826867	247.7413434	0.259905791
0.854481271	304.3511038	252.1755519	0.253925658
0.895832153	312.7292968	256.3646484	0.247025504
0.939147448	320.6612943	260.3306472	0.23828531
0.982266301	328.490418	264.245209	0.228165084
1.0198848	335.7400867	267.8700434	0.217584848
1.068307566	342.7053193	271.3526597	0.205624582
1.113881935	349.7122815	274.8561408	0.192284285
1.153268405	355.911231	277.9556155	0.178943987
1.189118932	362.5446585	281.2723293	0.164223659
1.234005756	368.6198181	284.3099091	0.148583311
1.273883329	374.3225247	287.1612624	0.131562932
1.321323889	380.0614666	290.0307333	0.114542552
1.366112493	385.5510829	292.7755415	0.095222122
1.405695404	390.6364716	295.3182358	0.077281722
1.451859097	395.8312985	297.9156493	0.056581261
1.488593609	400.8344048	300.4172024	0.03634081
1.540257657	405.69261	302.846305	0.014720328
1.583278289	410.5037878	305.2518939	-0.007820174
1.621584332	414.9534519	307.476726	-0.029900666
1.662149449	419.1867995	309.5933998	-0.052901179
1.712929511	423.3397257	311.6698629	-0.076821712
1.75850388	427.2471699	313.623585	-0.101202255
1.799854762	431.3263759	315.663188	-0.126042809
1.843366497	435.0396998	317.5198499	-0.151343372
1.885208482	438.7242312	319.3621156	-0.177563957
1.929800645	442.5090994	321.2545497	-0.203324531
1.982152237	445.9010414	322.9505207	-0.230005125
2.023404898	449.6548089	324.8274045	-0.25760574
2.070845459	453.2141365	326.6070683	-0.285206355
2.109839046	456.3134701	328.1567351	-0.313726991
2.157083165	459.467413	329.7337065	-0.342247626
2.201478886	462.2653146	331.1326573	-0.370768262
2.23831162	465.2613572	332.6306786	-0.399748907
2.283689547	468.5784964	334.2892482	-0.430109584
2.323370679	471.0288512	335.5144256	-0.460930271
2.370811239	473.8985481	336.9492741	-0.491750957
2.419725109	476.7451016	338.3725508	-0.523031654
2.457245387	479.2379042	339.6189521	-0.553852341
2.495453209	482.068425	341.0342125	-0.586513069
2.537688077	484.6405023	342.3202512	-0.618253776
2.581887357	486.7705071	343.3852536	-0.649074463
2.626774181	489.1336412	344.5668206	-0.683115222
2.674705845	491.0654591	345.5327296	-0.714855929
2.712520784	493.3706921	346.6853461	-0.748436677
2.755737858	495.3433292	347.6716646	-0.782477436
2.802097992	497.3977169	348.6988585	-0.815598174
2.849342111	499.579884	349.789942	-0.849638932
2.89334495	501.427868	350.713934	-0.884599711
2.932927861	503.1532106	351.5766053	-0.918180459
2.975162729	505.4773242	352.7386621	-0.953141238
3.023389054	507.1161873	353.5580937	-0.986721987
3.062284421	508.8026911	354.4013456	-1.021682766
3.105010391	510.6166187	355.3083094	-1.058023575
3.148718568	512.240935	356.1204675	-1.093904375
3.199989733	513.8768321	356.9384161	-1.129325164
3.24369791	515.1675708	357.5837854	-1.166125984
3.286914984	516.2673801	358.1336901	-1.201086763
3.326006792	517.7633028	358.8816514	-1.237427573
3.368536321	519.0396345	359.5198173	-1.275148414
3.413030263	520.1906632	360.0953316	-1.311029213
3.459488617	521.2569529	360.6284765	-1.347370023
3.498580425	522.8967496	361.4483748	-1.384170843
3.543172588	523.742886	361.871443	-1.420511653
3.588845177	525.1784902	362.5892451	-1.458692503
3.628526308	526.111853	363.0559265	-1.495953334
3.676457972	526.9550254	363.4775127	-1.533214164
3.730086432	528.004702	364.002351	-1.570935004
3.772517741	529.0333251	364.5166626	-1.609115855
3.816029476	530.2845418	365.1422709	-1.647756716
3.861309183	531.0023343	365.5011672	-1.685477557
3.904428037	531.4681806	365.7340903	-1.722278377
3.945287815	532.5335705	366.2667853	-1.761839258
3.995773215	533.3145932	366.6572966	-1.799100089
4.037418759	534.052163	367.0260815	-1.837280939
4.090065013	534.878967	367.4394835	-1.8759218
4.130040806	535.5967577	367.7983789	-1.914102651
4.169918379	536.7275071	368.3637536	-1.951823492
4.216573174	537.119456	368.559728	-1.990464353
4.262343984	537.831872	368.915936	-2.029105214
4.309195221	538.6049497	369.3024749	-2.067746075
4.357421547	539.0182219	369.509111	-2.106386936
4.398084884	539.4753927	369.7376964	-2.144567786
4.448472064	539.9508493	369.9754247	-2.183208647
4.492966006	540.5751406	370.2875703	-2.222309519
4.531664931	541.1201147	370.5600574	-2.26141039
4.588436451	541.5212099	370.760605	-2.300051251
4.634600143	542.0431126	371.0215563	-2.338232102
4.67673679	542.4567805	371.2283903	-2.376872963
4.717007245	543.1236344	371.5618172	-2.415973834
4.756688377	543.2934822	371.6467411	-2.453234664
4.7982357	543.5814359	371.790718	-2.493255556
4.838506155	544.0185715	372.0092858	-2.531896417
4.883884083	544.6199232	372.3099616	-2.570537278
4.921993684	545.064679	372.5323395	-2.609638149
4.964130331	545.2259731	372.6129866	-2.64827901
5.015794378	545.7765685	372.8882843	-2.687379882
5.06814597	545.8219411	372.9109706	-2.726940763
5.110577279	545.90092	372.95046	-2.766041634
5.153106808	546.0906257	373.0453129	-2.804682495
5.198288295	545.8835801	372.9417901	-2.843783367
5.243862663	546.0150509	373.0075255	-2.881964218
5.287669061	546.4652004	373.2326002	-2.921985109
5.331966562	546.2502454	373.1251227	-2.96016596
5.375478297	546.6213766	373.3106883	-2.999266831
5.416239856	546.533671	373.2668355	-3.039287723
5.468296786	546.5442282	373.2721141	-3.078388594
5.507879696	546.8126654	373.4063327	-3.117029455
5.559052641	546.3594774	373.1797387	-3.156130327
5.600305302	546.3418123	373.1709062	-3.194771188
5.645683229	546.4284046	373.2142023	-3.234332069
5.693025569	546.2830149	373.1415075	-3.27297293
5.736242643	545.6679116	372.8339558	-3.312073801
5.777298863	545.8523454	372.9261727	-3.350254652
5.822676791	545.7843117	372.8921559	-3.388895513
5.873751515	545.5310938	372.7655469	-3.427996385
5.919620545	544.8460022	372.4230011	-3.466637246
5.963525163	544.9045686	372.4522843	-3.504818096
6.008215547	544.961493	372.4807465	-3.543918968
6.053298812	544.5654963	372.2827482	-3.582099818
6.090131546	544.0901247	372.0450624	-3.619360649
6.136688121	544.0646304	372.0323152	-3.65938154
6.178628326	543.3077422	371.6538711	-3.697562391
6.227640417	542.9889372	371.4944686	-3.735743242
6.271741476	542.8139512	371.4069756	-3.773924093
6.318789154	541.8810576	370.9405288	-3.812104943
6.366524377	541.6220128	370.8110064	-3.849825784
6.409741451	541.2339947	370.6169974	-3.888926655
6.452565642	540.2447501	370.1223751	-3.925727475
6.496175598	539.9972585	369.9986293	-3.964368336
6.539785555	539.5356383	369.7678192	-4.001629167
6.583002629	539.227453	369.6137265	-4.039810017
6.624549952	538.5924896	369.2962448	-4.076610837
6.66373998	537.9870512	368.9935256	-4.112031627
6.704403318	537.9289567	368.9644784	-4.150672488
6.749977687	537.4109671	368.7054836	-4.187473308
6.796730703	536.4356871	368.2178436	-4.224734138
6.846233896	536.3526513	368.1763257	-4.261534958
6.894853104	535.804517	367.9022585	-4.297875768
6.934927118	534.821319	367.4106595	-4.335136598
6.975786897	534.2574774	367.1287387	-4.372397428
7.021066604	532.6849945	366.3424973	-4.408278228
7.067328517	532.6207937	366.3103969	-4.443699017
7.110840253	531.9788524	365.9894262	-4.480959847
7.153664444	530.6159239	365.307962	-4.515920626
7.199926357	530.0261504	365.0130752	-4.551341416
7.246188271	529.520133	364.7600665	-4.586302195
7.284101431	529.2561327	364.6280664	-4.621262974
7.328497152	528.9309745	364.4654873	-4.656223753
7.37230355	528.0363845	364.0181923	-4.691184532
7.423771156	528.168038	364.084019	-4.72522529
7.460898551	527.4427771	363.7213886	-4.7615661
7.507455126	526.9233699	363.461685	-4.796066869
7.559708497	526.4684529	363.2342265	-4.830567637
7.602925571	525.5061888	362.7530944	-4.865988427
7.645160439	524.3832106	362.1916053	-4.899569175
7.692208117	523.3420539	361.671027	-4.934069944
7.737880706	522.8138505	361.4069253	-4.967190682
7.780704897	522.2930632	361.1465316	-5.002151461
7.824511295	521.7843034	360.8921517	-5.035272199
7.869594561	520.4553115	360.2276558	-5.067932926
7.912811634	519.7253309	359.8626655	-5.101513675
7.965556109	518.9184447	359.4592224	-5.135094423
8.008871403	518.0322307	359.0161154	-5.168215161
8.052677801	517.3776864	358.6888432	-5.200875889
8.100413023	516.1680735	358.0840368	-5.233536617
8.138817286	515.3272278	357.6636139	-5.265277324
8.18036461	514.5208446	357.2604223	-5.297938052
8.225644317	514.2665782	357.1332891	-5.330598779
8.27662082	512.6964408	356.3482204	-5.362799497
8.315516186	511.8442024	355.9221012	-5.395460225
8.362956747	509.6835892	354.8417946	-5.426740922
8.402736099	509.1857376	354.5928688	-5.459401649
8.453810822	507.8679716	353.9339858	-5.491602367
8.501054942	506.8047374	353.4023687	-5.523343074
8.54662931	505.5870226	352.7935113	-5.55324374
8.583560264	504.096065	352.0480325	-5.584524437
8.631393708	503.4744366	351.7372183	-5.614885114
8.673039251	502.5326811	351.2663406	-5.64524579
8.718024296	501.2773079	350.638654	-5.673306416
8.757901869	500.5129138	350.2564569	-5.703667092
8.799940295	499.0473925	349.5236963	-5.733567759
8.848952386	498.4774623	349.2387312	-5.762548404
8.892758784	498.0827274	349.0413637	-5.793829101
8.939413579	497.5714503	348.7857252	-5.823269757
8.985871934	496.6168375	348.3084188	-5.852250403
9.029187228	496.0330589	348.0165295	-5.881231049
9.079476187	494.4523338	347.2261669	-5.911131715
9.123970129	493.2366819	346.618341	-5.93873233
9.166990761	492.7098657	346.3549329	-5.968172986
9.215020646	491.512273	345.7561365	-5.996693622
9.256862631	490.575974	345.287987	-6.025214257
9.297525968	489.2435988	344.6217994	-6.053274882
9.338975071	487.885866	343.942933	-6.079495467
9.389558691	487.1462506	343.5731253	-6.106636071
9.433266868	486.3665007	343.1832504	-6.133776676
9.481591415	484.9562435	342.4781218	-6.160917281
9.526537171	484.1910702	342.0955351	-6.188977906
9.576118941	482.3486832	341.1743416	-6.21473848
9.617106407	480.5255303	340.2627652	-6.240039044
9.661178	479.4826829	339.7413415	-6.266259628
9.708795358	478.1841435	339.0920718	-6.292020202
9.745009302	477.7758887	338.8879444	-6.317780776
9.786576269	477.1074859	338.553743	-6.34354135
9.833132844	477.1111927	338.5555964	-6.368841914
9.876762444	476.0119025	338.0059513	-6.393682468
9.9224645	474.9667424	337.4833712	-6.418063011
9.965720862	473.7371178	336.8685589	-6.441983544
10.01735544	473.1803572	336.5901786	-6.4714242
10.06431472	471.3735603	335.6867802	-6.494884723
10.10635315	470.6164103	335.3082052	-6.518805256
10.15207485	470.2135409	335.1067705	-6.543645809
10.19364182	469.0107053	334.5053527	-6.566646322
10.23697675	467.9592608	333.9796304	-6.590106844
10.27400593	467.3829349	333.6914675	-6.614487388
10.3214956	466.1394641	333.0697321	-6.63702789
10.35800421	464.9370904	332.4685452	-6.660028402
10.40812619	464.6305579	332.315279	-6.683028915
10.45354341	463.1968153	331.5984077	-6.705109407
10.50307606	462.5389129	331.2694565	-6.727189899
10.5501041	461.0825035	330.5412518	-6.749730401
10.59133712	459.8449237	329.9224619	-6.771350883
10.63320857	459.9161315	329.9580658	-6.793431375
10.68336984	458.80799	329.403995	-6.815511867
10.73086933	458.3244313	329.1622157	-6.837592359
10.78582377	457.0265889	328.5132945	-6.85783281
10.82704697	456.0725392	328.0362696	-6.878533271
10.87119714	456.1003953	328.0501977	-6.901073774
10.91844125	453.929619	326.9648095	-6.922234245
10.95504808	453.2946541	326.6473271	-6.942014686
11.00407982	452.0923245	326.0461623	-6.962715147
11.04614771	451.1011258	325.5505629	-6.983415608
11.08759681	451.1598736	325.5799368	-7.00411607
11.13238541	449.9385846	324.9692923	-7.024356521
11.17654541	449.5921293	324.7960647	-7.044596972
11.22459493	448.2657697	324.1328849	-7.064837423
11.26421713	446.618889	323.3094445	-7.083697843
11.30608858	445.9877541	322.9938771	-7.103018273
11.35507121	445.5459392	322.7729696	-7.122798714
11.4022564	444.5968955	322.2984478	-7.141659134
11.44244827	443.5463306	321.7731653	-7.160979565
11.4994457	442.1944442	321.0972221	-7.180299995
11.54399858	440.6429923	320.3214962	-7.197780385
11.57977053	441.3217838	320.6608919	-7.218020836
11.62829151	439.7206246	319.8603123	-7.235961236
11.67554546	438.4487662	319.2243831	-7.254361646
11.71954829	437.8718364	318.9359182	-7.272302045
11.75913121	437.3529177	318.6764589	-7.290702455
11.80303582	436.1514984	318.0757492	-7.309562876
11.85126215	435.0498939	317.524947	-7.326583255
11.90027424	434.1851598	317.0925799	-7.343603634
11.94624149	433.1044777	316.5522389	-7.362464054
11.98592262	432.7977427	316.3988714	-7.380864465
12.02894326	431.3597297	315.6798649	-7.397884844
12.07746424	430.5775766	315.2887883	-7.414445213
12.12588701	429.4629223	314.7314612	-7.432385613
12.16939875	428.8579322	314.4289661	-7.448485971
12.20839233	428.1936526	314.0968263	-7.466426371
12.25622578	427.2187299	313.609365	-7.48252673
12.29885353	426.818909	313.4094545	-7.499087099
12.34678519	425.8229895	312.9114948	-7.517027499
12.38960938	424.3772206	312.1886103	-7.533127857
12.42978161	423.4118596	311.7059298	-7.549688226
12.47388267	422.5861285	311.2930643	-7.565788585
12.51434957	422.260788	311.130394	-7.581888944
12.57013888	421.8172101	310.9086051	-7.597989303
12.61708834	420.9926236	310.4963118	-7.614549672
12.65971609	420.0174229	310.0087115	-7.62973001
12.70519224	418.9999342	309.4999671	-7.644910348
12.7526328	418.5635738	309.2817869	-7.660550697
12.79418012	417.4688376	308.7344188	-7.676191045
12.83847762	417.264394	308.632197	-7.691371383
12.88061427	415.8088434	307.9044217	-7.706551722
12.92451889	415.3915099	307.695755	-7.72219207
12.97156657	415.0752818	307.5376409	-7.736452388
13.01989111	414.4715616	307.2357808	-7.751172716
13.0617331	412.4715578	306.2357789	-7.764053003
13.10190533	411.8146342	305.9073171	-7.778313321
13.14453308	411.1833847	305.5916924	-7.792573638
13.19197364	411.10096	305.55048	-7.807293966
13.23686047	410.9643898	305.4821949	-7.822014294
13.27663982	410.220819	305.1104095	-7.834894581
13.3241786	409.4544926	304.7272463	-7.85007492
13.37348535	408.4531608	304.2265804	-7.863415217
13.415622	406.8532691	303.4266346	-7.875835494
13.46149103	405.9367876	302.9683938	-7.891015832
13.5013686	404.2571849	302.1285925	-7.902976098
13.54743408	403.3215007	301.6607504	-7.915856385
13.59644617	402.5409611	301.2704806	-7.928736672
13.64290452	401.918988	300.959494	-7.941616959
13.68788957	401.4721075	300.7360538	-7.954497247
13.72560629	400.0844778	300.0422389	-7.966917523
13.77393083	399.8469242	299.9234621	-7.97841778
13.81646036	399.4217819	299.710891	-7.990838056
13.86085608	399.3973076	299.6986538	-8.002798323
13.90220696	398.2112458	299.1056229	-8.01613862
13.9495493	396.5277241	298.2638621	-8.027178866
14.00445463	396.5033229	298.2516615	-8.040059153
14.04560907	395.3538972	297.6769486	-8.05247943
14.08784394	394.4667094	297.2333547	-8.063519676
14.12644465	393.7346867	296.8673434	-8.074559922
14.17987666	392.8540427	296.4270214	-8.086060178
14.22240619	391.7658572	295.8829286	-8.098940465
14.26631081	391.460256	295.730128	-8.109980711
14.30618838	390.1917742	295.0958871	-8.120560947
14.34930724	388.6191846	294.3095923	-8.131601193
14.39615847	388.5490913	294.2745457	-8.142181429
14.44094708	388.4504534	294.2252267	-8.153221675
14.48210152	387.8323415	293.9161708	-8.16288189
14.52522037	387.5900245	293.7950123	-8.173922136
14.57354492	385.8278868	292.9139434	-8.184502372
14.62039616	385.3067309	292.6533655	-8.194622597
14.67255131	383.6345657	291.8172829	-8.204282812
14.72225094	382.5065712	291.2532856	-8.212102987
14.75584239	383.2523926	291.6261963	-8.222683222
14.81290857	382.5221469	291.2610735	-8.232803448
14.85376835	381.9386708	290.9693354	-8.242463663
14.89502102	382.1377139	291.068857	-8.253503909
14.9373541	379.7559722	289.8779861	-8.261324083
14.98587509	379.757741	289.8788705	-8.270524288
15.02899394	380.3709236	290.1854618	-8.281564534
15.07034483	379.7195197	289.8597599	-8.29214477
15.1112046	379.0828329	289.5414165	-8.301344975
15.15943093	378.5804316	289.2902158	-8.311925211
15.20480886	378.0245371	289.0122686	-8.321125416
15.25637468	377.4145856	288.7072928	-8.329865611
15.29919888	376.2181888	288.1090944	-8.338145795
15.33671915	376.6126989	288.3063495	-8.34688599
15.37905224	375.3256665	287.6628333	-8.355626185
15.43160027	374.2525505	287.1262753	-8.363906369
15.47432625	373.1496755	286.5748378	-8.373106574
15.52147214	373.30403	286.652015	-8.381386759
15.57667213	372.3212553	286.1606277	-8.389666943
15.62028209	371.7668352	285.8834176	-8.397947128
15.66831197	372.5508327	286.2754164	-8.407607343
15.71231481	371.1722712	285.5861356	-8.415887527
15.75553189	370.3568151	285.1784076	-8.424627722
15.80365999	368.8469771	284.4234886	-8.431527876
15.8494308	368.8549955	284.4274978	-8.43888804
15.89254966	369.2555863	284.6277932	-8.448548255
15.93193613	368.6672463	284.3336232	-8.456368429
15.97309057	368.1587756	284.0793878	-8.465568634
16.02387063	367.5865394	283.7932697	-8.472928798
16.06227489	367.3809492	283.6904746	-8.479828952
16.10352755	367.4936785	283.7468393	-8.489029157
16.14890548	366.1124985	283.0562493	-8.496849331
16.19516739	364.8227294	282.4113647	-8.501909444
16.24683144	363.8128423	281.9064212	-8.509269608
16.29063784	363.7361847	281.8680924	-8.515249742
16.33198872	363.7139862	281.8569931	-8.524909957
16.37412537	362.3974042	281.1987021	-8.531810111
16.41744066	361.6373328	280.8186664	-8.539170275
16.46242571	361.1826088	280.5913044	-8.545610418
16.50564278	361.164632	280.582316	-8.553890603
16.55583352	360.1364059	280.068203	-8.561710777
16.60180077	359.8996036	279.9498018	-8.569070941
16.64364275	358.7454653	279.3727327	-8.575511084
16.68970823	359.4380418	279.7190209	-8.583331259
16.73145199	358.7540869	279.3770435	-8.589771402
16.77486551	358.1838496	279.0919248	-8.595751535
16.82220785	357.9403512	278.9701756	-8.60357171
16.8691573	357.7799255	278.8899628	-8.610011853
16.90982064	356.615458	278.307729	-8.615991986
16.95637722	357.0663007	278.5331504	-8.623812161
17.00038006	357.3213021	278.6606511	-8.630712314
17.04510197	355.8903964	277.9451982	-8.636692448
17.08982389	356.4315502	278.2157751	-8.644512622
17.13454581	355.9792479	277.989624	-8.649572735
17.17926773	355.4686274	277.7343137	-8.655552868
17.22398965	356.1766182	278.0883091	-8.662913032
17.26871157	355.8118428	277.9059214	-8.668893165
17.31343349	355.2961159	277.648058	-8.674413288
17.35815541	354.2953188	277.1476594	-8.679933411
17.40287733	354.3356872	277.1678436	-8.683153483
17.44759924	354.6887769	277.3443885	-8.692353688
17.49232116	353.7423937	276.8711969	-8.69649378
17.53704308	352.4820204	276.2410102	-8.703853944
17.581765	352.5895415	276.2947708	-8.709834077
17.62648692	352.1829079	276.091454	-8.71443418
17.67120884	352.3630125	276.1815063	-8.721334334
17.71593076	352.0861943	276.0430972	-8.726394446
17.76065268	350.7609814	275.3804907	-8.731454559
17.8053746	351.7987466	275.8993733	-8.737434692
17.85009651	351.7326822	275.8663411	-8.743414826
17.89481843	351.1476174	275.5738087	-8.748014928
17.93954035	350.2793854	275.1396927	-8.753075041
17.98426227	350.0088208	275.0044104	-8.758595164
18.02898419	349.1310463	274.5655232	-8.762735256
18.07370611	348.8885104	274.4442552	-8.768255379
18.11842803	348.3194477	274.1597239	-8.772855482
18.16314995	347.7851372	273.8925686	-8.777455584
18.20787187	347.2566207	273.6283104	-8.782515697
18.25259378	346.7833313	273.3916657	-8.78757581
18.2973157	347.1449943	273.5724972	-8.790795881
18.34203762	347.5245856	273.7622928	-8.796776015
18.38675954	347.179813	273.5899065	-8.802296138
18.43148146	346.8762468	273.4381234	-8.807816261
18.47620338	345.9324719	272.966236	-8.810576322
18.5209253	346.3124492	273.1562246	-8.816096445
18.56564722	345.0118474	272.5059237	-8.819776527
18.61036914	345.712055	272.8560275	-8.82529665
18.65509105	345.0536799	272.52684	-8.828976732
18.69981297	346.0304428	273.0152214	-8.834956865
18.74453489	345.5978716	272.7989358	-8.840476988
18.78925681	344.7427328	272.3713664	-8.84415707
18.83397873	345.0755751	272.5377876	-8.848757173
18.87870065	344.0596364	272.0298182	-8.851977245
18.92342257	343.5458677	271.7729339	-8.855657327
18.96814449	343.6546094	271.8273047	-8.857957378
19.0128664	343.9156747	271.9578374	-8.863477501
19.05758832	343.8715521	271.9357761	-8.866697573
19.10231024	342.7429667	271.3714834	-8.869917644
19.14703216	342.1480965	271.0740483	-8.871757685
19.19175408	342.2277076	271.1138538	-8.874517747
19.236476	342.7815389	271.3907695	-8.879117849
19.28119792	343.7671877	271.8835939	-8.883717952
19.32591984	342.235899	271.1179495	-8.884637972
19.37064176	342.628418	271.314209	-8.890618106
19.41536367	342.4687441	271.2343721	-8.893838177
19.46008559	342.7445757	271.3722879	-8.89797827
19.50480751	341.8497875	270.9248938	-8.901198341
19.54952943	341.7792099	270.889605	-8.903958403
19.59425135	342.0018715	271.0009358	-8.907638485
19.63897327	341.9481443	270.9740722	-8.911318567
19.68369519	341.5258045	270.7629023	-8.914538639
19.72841711	341.5070225	270.7535113	-8.91775871
19.77313903	341.0955441	270.5477721	-8.921898803
19.81786094	340.4714132	270.2357066	-8.923278833
19.86258286	340.7933685	270.3966843	-8.926958915
19.90730478	340.4618768	270.2309384	-8.929258967
19.9520267	340.6197844	270.3098922	-8.931559018
19.99674862	341.3035455	270.6517728	-8.93477909
20.04147054	341.166732	270.583366	-8.938919182
20.08619246	340.6982353	270.3491177	-8.942139254
20.13091438	340.8809789	270.4404895	-8.946739356
20.1756363	340.7038876	270.3519438	-8.950879448
20.22035821	341.4602515	270.7301258	-8.955479551
20.26508013	341.365538	270.682769	-8.958699623
20.30980205	340.7962222	270.3981111	-8.960079653
20.35452397	339.9882772	269.9941386	-8.963299725
20.39924589	340.209924	270.104962	-8.965599776
20.44396781	339.6439591	269.8219796	-8.968359838
20.48868973	340.0523409	270.0261705	-8.97249993
20.53341165	340.5265073	270.2632537	-8.976640022
20.57813357	340.7464165	270.3732083	-8.978940074
20.62285548	339.754012	269.877006	-8.982160145
20.6675774	340.6346612	270.3173306	-8.985380217
20.71229932	339.7904429	269.8952215	-8.988140279
20.75702124	339.7435901	269.8717951	-8.992740381
20.80174316	339.2796114	269.6398057	-8.995040432
20.84646508	339.3656583	269.6828292	-8.997340484
20.891187	339.2367055	269.6183528	-9.000560555
20.93590892	340.2057841	270.1028921	-9.003780627
20.98063084	340.2766664	270.1383332	-9.00838073
21.02535275	340.3331518	270.1665759	-9.011140791
21.07007467	339.5455583	269.7727792	-9.013440842
21.11479659	339.9083948	269.9541974	-9.015280883
21.15951851	340.3806858	270.1903429	-9.019880986
21.20424043	340.8776936	270.4388468	-9.022641047
21.24896235	341.059949	270.5299745	-9.02678114
21.29368427	341.5122944	270.7561472	-9.028621181
21.33840619	341.9303513	270.9651757	-9.032761273
21.38312811	341.2875414	270.6437707	-9.037361375
21.42785002	340.347899	270.1739495	-9.038281396
21.47257194	340.6198982	270.3099491	-9.040581447
21.51729386	339.6901171	269.8450586	-9.042881498
21.56201578	340.168783	270.0843915	-9.04610157
21.6067377	340.6677484	270.3338742	-9.048861632
21.65145962	340.1910226	270.0955113	-9.051161683
21.69618154	340.5208998	270.2604499	-9.055301775
21.74090346	339.9265686	269.9632843	-9.057601826
21.78562538	340.183795	270.0918975	-9.061741919
21.83034729	339.7809096	269.8904548	-9.06358196
21.87506921	339.9568233	269.9784117	-9.066342021
21.91979113	340.0076047	270.0038024	-9.071402134
21.96451305	340.5675415	270.2837708	-9.070022103
22.00923497	339.9196641	269.9598321	-9.075082216
22.05395689	339.2483469	269.6241735	-9.077382267
22.09867881	340.061189	270.0305945	-9.080142329
22.14340073	340.3376221	270.1688111	-9.083362401
22.18812265	341.055166	270.527583	-9.088882524
22.23284456	340.5384581	270.2692291	-9.091642585
22.27756648	340.6834378	270.3417189	-9.094862657
22.3222884	340.8727667	270.4363834	-9.10038278
22.36701032	340.2417777	270.1208889	-9.104522872
22.41173224	340.3456053	270.1728027	-9.108202954
22.45645416	340.6982348	270.3491174	-9.110963016
22.50117608	340.1562946	270.0781473	-9.113723077
22.545898	341.1440017	270.5720009	-9.116023128
22.59061992	340.0168196	270.0084098	-9.11970321
22.63534183	340.9627104	270.4813552	-9.122463272
22.68006375	339.9262644	269.9631322	-9.124303313
22.72478567	339.9585757	269.9792879	-9.127523385
22.76950759	338.9421761	269.4710881	-9.131663477
22.81422951	339.8768726	269.9384363	-9.133043508
22.85895143	340.5258549	270.2629275	-9.13672359
22.90367335	341.3699484	270.6849742	-9.139483651
22.94839527	340.8850054	270.4425027	-9.142703723
22.99311719	340.5748885	270.2874443	-9.143623743
23.0378391	341.0972923	270.5486462	-9.147763836
23.08256102	340.0835487	270.0417744	-9.149603877
23.12728294	340.8841938	270.4420969	-9.152823948
23.17200486	340.32565	270.162825	-9.155124
23.21672678	340.4874808	270.2437404	-9.156964041
23.2614487	340.7998815	270.3999408	-9.159724102
23.30617062	341.1899884	270.5949942	-9.162024153
23.35089254	341.8041525	270.9020763	-9.166164246
23.39561446	342.6257973	271.3128987	-9.167084266
23.44033637	341.8641928	270.9320964	-9.170764348
23.48505829	342.311334	271.155667	-9.17444443
23.52978021	342.2161495	271.1080748	-9.177664502
23.57450213	342.2351312	271.1175656	-9.179044533
23.61922405	342.5714201	271.2857101	-9.180884574
23.66394597	342.2665405	271.1332703	-9.183644635
23.70866789	342.4999584	271.2499792	-9.185484676
23.75338981	342.6726478	271.3363239	-9.188244738
23.79811173	342.603022	271.301511	-9.191004799
23.84283364	342.2018797	271.1009399	-9.19192482
23.88755556	342.6406978	271.3203489	-9.194684881
23.93227748	343.2179306	271.6089653	-9.195604902
23.9769994	343.6932019	271.846601	-9.198364963
24.02172132	344.4102195	272.2051098	-9.200665014
24.06644324	344.6631805	272.3315903	-9.202965066
24.11116516	344.4592701	272.2296351	-9.205265117
24.15588708	344.1286838	272.0643419	-9.207565168
24.200609	344.7604103	272.3802052	-9.209865219
24.24533091	345.2568141	272.6284071	-9.212625281
24.29005283	343.7447954	271.8723977	-9.214465322
24.33477475	343.1378978	271.5689489	-9.216305363
24.37949667	343.713762	271.856881	-9.217685394
24.42421859	343.4809064	271.7404532	-9.219065424
24.46894051	344.0573372	272.0286686	-9.221825486
24.51366243	344.394241	272.1971205	-9.222285496
24.55838435	344.515366	272.257683	-9.225045558
24.60310627	344.7823337	272.3911669	-9.227345609
24.64782818	344.339234	272.169617	-9.22918565
24.6925501	345.4291647	272.7145824	-9.231485701
24.73727202	345.5671966	272.7835983	-9.234245763
24.78199394	345.1753753	272.5876877	-9.235625793
24.82671586	346.1838031	273.0919016	-9.238845865
24.87143778	346.48299	273.241495	-9.239765886
24.9161597	346.4324255	273.2162128	-9.242065937
24.96088162	345.9899186	272.9949593	-9.243445968
25.00560354	345.4792726	272.7396363	-9.246666039
25.05032545	346.0966759	273.048338	-9.249426101
25.09504737	347.5211375	273.7605688	-9.251726152
25.13976929	346.7766317	273.3883159	-9.253566193
25.18449121	347.1900096	273.5950048	-9.256786265
25.22921313	346.7302986	273.3651493	-9.259546326
25.27393505	347.3759884	273.6879942	-9.260006337
25.31865697	346.2646	273.1323	-9.261846378
25.36337889	347.232156	273.616078	-9.264606439
25.40810081	347.2639869	273.6319935	-9.26552646
25.45282272	347.1418094	273.5709047	-9.267826511
25.49754464	347.4003002	273.7001501	-9.269666552
25.54226656	347.415488	273.707744	-9.269666552
25.58698848	346.9448722	273.4724361	-9.271966603
25.6317104	347.0112895	273.5056448	-9.273346634
25.67643232	347.7535017	273.8767509	-9.274726665
25.72115424	347.781633	273.8908165	-9.276106695
25.76587616	347.8433781	273.9216891	-9.276566706
25.81059808	348.0256986	274.0128493	-9.277946736
25.85531999	349.2856947	274.6428474	-9.278866757
25.90004191	349.4769857	274.7384929	-9.278866757
25.94476383	350.1795764	275.0897882	-9.281166808
25.98948575	350.4439741	275.2219871	-9.283006849
26.03420767	349.9053402	274.9526701	-9.28484689
26.07892959	350.9107853	275.4553927	-9.286226921
26.12365151	351.3431106	275.6715553	-9.288986982
26.16837343	351.4742117	275.7371059	-9.291287034
26.21309535	352.2622193	276.1311097	-9.294047095
26.25781726	352.3150175	276.1575088	-9.295427126
26.30253918	352.0863104	276.0431552	-9.298187187
26.3472611	352.3768179	276.188409	-9.300027228
26.39198302	351.8712233	275.9356117	-9.300947249
26.43670494	350.9623522	275.4811761	-9.301407259
26.48142686	351.2507499	275.625375	-9.30370731
26.52614878	352.6326914	276.3163457	-9.305087341
26.5708707	352.9130147	276.4565074	-9.307387392
26.61559262	352.1577818	276.0788909	-9.307847403
26.66031453	352.7616421	276.3808211	-9.308307413
26.70503645	352.7225688	276.3612844	-9.310607464
26.74975837	352.8053273	276.4026637	-9.311067474
26.79448029	352.9321252	276.4660626	-9.312907515
26.83920221	352.8722466	276.4361233	-9.313827536
26.88392413	353.495529	276.7477645	-9.316587597
26.92864605	352.9988858	276.4994429	-9.316587597
26.97336797	352.9870129	276.4935065	-9.317507618
27.01808989	354.120913	277.0604565	-9.316127587
27.0628118	354.7226376	277.3613188	-9.32072769
27.10753372	354.9141682	277.4570841	-9.32210772
27.15225564	353.7135155	276.8567578	-9.323487751
27.19697756	354.5713655	277.2856828	-9.323487751
27.24169948	354.4962467	277.2481234	-9.324407772
27.2864214	354.9608126	277.4804063	-9.325327792
27.33114332	354.6469947	277.3234974	-9.324867782
27.37586524	354.6118928	277.3059464	-9.322567731
27.42058716	355.0928951	277.5464476	-9.323487751
27.46530907	355.6213662	277.8106831	-9.322567731
27.51003099	356.5314627	278.2657314	-9.323027741
27.55475291	357.0337334	278.5168667	-9.323947761
27.59947483	357.2285745	278.6142873	-9.324407772
27.64419675	357.0440504	278.5220252	-9.318887649
27.68891867	356.2895313	278.1447657	-9.32164771
27.73364059	357.08804	278.54402	-9.32164771
27.77836251	356.6471318	278.3235659	-9.32072769
27.82308443	356.9636874	278.4818437	-9.320267679
27.86780634	356.6898493	278.3449247	-9.319807669
27.91252826	357.3933469	278.6966735	-9.318427638
27.95725018	356.7869624	278.3934812	-9.316587597
28.0019721	356.2936811	278.1468406	-9.317047608
28.04669402	357.0373325	278.5186663	-9.317507618
28.09141594	357.0898774	278.5449387	-9.317967628
28.13613786	357.6831916	278.8415958	-9.316127587
28.18085978	357.4770966	278.7385483	-9.314747556
28.2255817	357.5898288	278.7949144	-9.314747556
28.27030361	357.7634923	278.8817462	-9.314287546
28.31502553	357.9202289	278.9601145	-9.313367526
28.35974745	358.6397889	279.3198945	-9.313827536
28.40446937	358.9968196	279.4984098	-9.313367526
28.44919129	358.6174328	279.3087164	-9.311527485
28.49391321	359.8519903	279.9259952	-9.310607464
28.53863513	359.7998329	279.8999165	-9.310607464
28.58335705	359.9531777	279.9765889	-9.307847403
28.62807897	360.1982081	280.0991041	-9.307847403
28.67280088	359.837144	279.918572	-9.307387392
28.7175228	360.0754294	280.0377147	-9.307387392
