0	102.914	0	0
0.000153589	102.84	0	0.074
0.001695167	102.8735226	0.025567881	0.049
0.005239089	103.2519492	1.211847486	0.066
0.01048008	103.944836	3.461508022	0.123
0.01818607	104.855786	6.122358047	0.099
0.02928239	105.7821934	9.219580206	0.205
0.04376905	107.1832886	13.81586586	0.336
0.06072262	108.9284782	19.57043457	0.509
0.07798526	110.2912198	24.88865928	0.919
0.09447616	111.4420054	29.81701623	1.411
0.1098881	112.3880232	34.6470695	2.075
0.1237586	112.6825459	37.35163755	2.682
0.1357802	112.6830412	39.88512346	3.526
0.1447187	112.5870747	41.93422418	4.305
0.1514994	112.136652	43.18995615	5.174
0.155506	111.461739	43.50221713	5.953
0.1567404	110.5785613	43.09068403	6.699
0.1551988	109.592111	42.07533295	7.347
0.1508831	108.5748663	40.89259887	7.97
0.1430235	107.4651937	38.81758101	8.388
0.1334669	105.3460928	34.05927828	8.921
0.1226796	103.4884936	29.37448065	9.217
0.1098881	101.8904586	25.24337572	9.438
0.09617133	99.76780965	19.46642894	9.635
0.08122011	98.21343132	14.65629396	9.586
0.06488469	96.50567625	9.482028737	9.569
0.0470058	94.84741551	3.943246526	9.381
0.02881973	93.21975137	-1.014745893	9.356
0.009554749	91.65698552	-6.24304344	9.176
-0.009710235	90.29023853	-11.1562844	8.905
-0.02928239	89.09944309	-15.61367073	8.61
-0.04916363	88.12600516	-19.39498453	8.323
-0.06889128	88.01621444	-20.53735669	8.052
-0.09093034	88.17199133	-20.80802601	7.806
-0.1149736	88.15574244	-21.27377269	7.667
-0.1380916	87.01835919	-25.30092242	7.462
-0.1587446	86.64880154	-27.19859537	7.199
-0.1778541	86.15487373	-28.8993788	7.126
-0.1941914	85.85608723	-30.0927383	7.027
-0.2075992	85.6042952	-31.01911441	6.97
-0.2179256	85.35980443	-31.6295867	7.011
-0.2248618	85.17915785	-31.70352644	7.167
-0.2277895	85.13745607	-31.48663178	7.281
-0.2271732	85.0854226	-30.90473219	7.527
-0.2217786	85.20478387	-30.12664839	7.667
-0.2120684	84.08948367	-29.53954899	7.978
-0.1974282	84.39323065	-27.83930804	8.241
-0.1795493	85.65975706	-23.15472881	8.536
-0.1604398	86.98067374	-17.96197879	8.946
-0.1400959	88.9441372	-13.47258839	9.479
-0.1171315	89.33899261	-10.34402218	10.127
-0.09123942	89.065616	-9.640152013	10.635
-0.06134077	90.12065921	-4.408022375	11.324
-0.03159571	91.72607645	2.253229345	11.939
-0.004162071	93.53779571	9.974387136	12.701
0.02080656	94.81226212	16.60278635	13.636
0.04392454	95.68197517	22.0169255	14.571
0.06457562	96.66453805	27.81761415	15.522
0.08229902	97.2183821	32.55414629	16.547
0.09725025	97.52999883	36.4649965	17.539
0.1100417	97.45306713	39.50720139	18.63
0.1194429	97.3317782	41.87333461	19.54
0.1263772	96.856757	43.05527099	20.409
0.1300766	96.18943224	43.51329671	21.229
0.1313091	95.24839155	43.15017466	22.049
0.1297694	94.43371433	42.37714298	22.606
0.1251446	93.48842175	41.31426525	23.197
0.1160526	91.85340588	37.95721764	23.713
0.1061887	90.28442373	34.40827118	24.099
0.09324176	88.24247174	29.02041522	24.345
0.07952494	86.52542324	24.21126971	24.459
0.06395937	84.75065831	19.18397492	24.558
0.04669862	82.92122697	13.57268092	24.517
0.02804989	81.20597988	8.204939652	24.443
0.007705993	79.4503563	2.398068906	24.263
-0.01356323	77.73560554	-3.388183382	24.049
-0.03513963	76.10240999	-9.391770038	23.681
-0.05702511	74.61378523	-14.7456443	23.385
-0.07906418	73.57821945	-19.22934164	22.926
-0.1035682	73.6545195	-20.15544149	22.541
-0.1310019	74.21653778	-19.77438665	22.106
-0.1592054	72.98469546	-24.87091362	21.639
-0.1863318	72.26132764	-28.22301709	21.245
-0.2116076	71.8194768	-30.80256961	20.827
-0.235649	71.5481031	-32.79869071	20.433
-0.2579972	71.51660576	-33.70318273	20.163
-0.278032	71.48576538	-34.70470385	19.86
-0.2960645	71.65806539	-35.12380382	19.548
-0.3103976	71.62362741	-35.39811777	19.491
-0.3214939	71.62521752	-35.78934744	19.359
-0.32843	71.7216231	-35.54813069	19.343
-0.3307415	71.8337131	-35.11286069	19.376
-0.3282765	71.95438697	-34.35783908	19.507
-0.3205705	72.10808373	-33.62674882	19.597
-0.3071608	72.52857308	-31.99628075	19.72
-0.289591	73.10851824	-29.34444529	20.024
-0.2675519	74.12703871	-25.62588388	20.245
-0.243355	75.51567306	-20.28098081	20.638
-0.2176166	77.0949205	-13.9442385	21.171
-0.1903384	77.83655306	-9.406340829	21.942
-0.1604398	77.65671302	-7.902860929	22.623
-0.12607	77.77636246	-5.329912634	23.361
-0.09077676	79.56582087	2.423462619	24.156
-0.05794854	81.26234942	10.36604825	25.107
-0.0278963	82.46368483	16.9970545	26.116
-0.000462663	83.38862728	23.09288183	27.223
0.02419689	84.04526723	28.55480168	28.387
0.04561971	84.62237204	33.53211611	29.469
0.06426844	84.78744478	37.34833433	30.576
0.07906418	84.56595201	40.00485603	31.683
0.09108393	84.36265158	42.24795475	32.634
0.09894541	84.02287085	44.00961255	33.561
0.102952	83.26633986	44.29901958	34.414
0.1038773	82.31894155	43.71882465	35.168
0.1007942	81.25135806	42.65507419	35.881
0.09385801	80.05908092	40.53024277	36.365
0.0838406	78.1495853	36.22975591	36.841
0.07135818	76.37349296	31.66347889	37.095
0.05640696	74.51722171	26.56266512	37.251
0.03945529	72.69579809	21.14639428	37.267
0.02049749	70.95600851	15.65702552	37.177
-0.000616252	69.05409884	9.82829651	37.136
-0.02342705	67.22580097	3.851402916	36.972
-0.04762395	65.40505439	-2.396836844	36.71
-0.07259069	63.65780662	-8.622580126	36.382
-0.09879182	62.15338711	-14.17083868	36.037
-0.1257628	61.75318437	-16.4274469	35.685
-0.1559686	61.86390438	-17.52328685	35.209
-0.1895686	61.25273522	-20.61079434	34.791
-0.2228575	60.08484584	-25.49146249	34.332
-0.2546068	59.33639858	-29.23680426	33.832
-0.2849682	58.99262495	-31.96612516	33.266
-0.314097	58.86710071	-33.96569786	32.725
-0.3418378	58.92717039	-35.16548882	32.265
-0.3672672	59.11557114	-35.92628658	31.823
-0.3906942	59.32747047	-36.37358859	31.462
-0.4102664	59.61362689	-36.55011934	31.117
-0.4266037	59.80038261	-36.60485217	30.912
-0.4383163	59.92225561	-36.63223316	30.781
-0.4450988	60.09963487	-36.4420954	30.667
-0.4466404	60.39333566	-35.83399302	30.576
-0.4423248	59.63592942	-35.03121174	30.601
-0.4318447	59.89623423	-34.29829731	30.585
-0.4155074	60.6830183	-31.69194511	30.667
-0.3947008	61.66450461	-28.33048616	30.806
-0.3700413	63.47225557	-24.72823328	31.199
-0.3418378	64.74709309	-19.45172074	31.683
-0.3114765	66.13365905	-13.57002286	32.257
-0.2795736	67.06998262	-8.32505214	33.069
-0.2450502	66.75243918	-6.817682452	33.889
-0.2062131	67.02410892	-3.248673232	34.807
-0.1672204	68.42323266	3.951697966	35.808
-0.129923	69.47215704	10.54247111	36.956
-0.09432068	70.41519816	16.71659449	38.071
-0.06180153	71.1298477	22.64654309	39.333
-0.03236555	71.63245438	27.96736313	40.604
-0.006010827	71.89925587	32.50876761	41.851
0.01618183	71.85433285	36.03699854	43.072
0.0343679	71.59008564	38.81125691	44.261
0.04870097	71.38733407	40.96000222	45.18
0.05872028	70.8133642	42.19009259	46.164
0.06395937	70.13857016	42.55071049	46.959
0.06488469	69.20773708	41.87321125	47.664
0.06118528	68.23762872	40.95488616	48.328
0.0520932	67.25548711	39.36146132	48.779
0.03914622	64.98465561	33.67996682	49.156
0.02404331	63.15299138	28.62897414	49.304
0.006318004	61.33655561	23.67166682	49.468
-0.01479573	59.34482451	17.67247354	49.46
-0.03745105	57.19924244	11.30772732	49.484
-0.06241968	55.43648281	5.257448435	49.23
-0.08923517	53.66215752	-0.629527451	49.042
-0.1180568	51.98684556	-6.591463326	48.73
-0.1487253	50.36725067	-12.311248	48.443
-0.1800119	49.92741134	-15.05576598	47.968
-0.2157678	49.93154377	-16.07836869	47.623
-0.2542978	49.00623287	-20.4293014	47.098
-0.2931368	48.15970623	-24.39388131	46.623
-0.3305879	47.53291237	-28.07126288	46.024
-0.3675763	47.26225374	-30.70423877	45.417
-0.4039484	47.16074636	-32.85376093	44.802
-0.4381627	46.37504271	-34.20287187	44.138
-0.4708373	46.72717736	-35.01546792	43.515
-0.5008895	47.08551137	-35.48846588	42.999
-0.5273979	47.42772141	-35.79083577	42.556
-0.5502087	47.85273779	-35.91978663	42.088
-0.5677785	48.18636079	-35.97491764	41.736
-0.5804164	48.49642762	-35.88171715	41.457
-0.586888	48.82267356	-35.54197933	41.244
-0.5871971	49.23823566	-34.95829302	41.023
-0.5811862	49.5558078	-34.25157661	40.941
-0.567623	50.01418784	-33.34443647	40.785
-0.5477418	50.94884686	-30.34545942	40.85
-0.5237004	51.95616667	-27.12549998	40.916
-0.4942625	53.20376661	-22.56970016	41.187
-0.4614343	54.40833057	-17.45600829	41.687
-0.4264501	55.47815798	-11.76252605	42.515
-0.3888455	55.79174979	-7.992750621	43.458
-0.3469233	55.31112601	-6.629621977	44.393
-0.3023825	56.19650102	-0.556496936	45.532
-0.2589225	56.99600917	5.460027514	46.738
-0.2160769	57.66519741	11.49959223	48.082
-0.1755427	57.90716239	16.82748718	49.616
-0.1371663	58.20894506	21.88783517	51.001
-0.1020267	58.38757955	26.58173864	52.387
-0.07027926	59.33022007	30.73866021	53.83
-0.04299922	59.2431539	34.11946169	55.044
-0.02065297	58.8260645	36.58219349	56.282
-0.002927671	58.28921757	38.43965271	57.438
0.00940116	56.90329202	39.78987606	58.274
0.01618183	56.23653425	40.07860276	59.037
0.01756982	55.32106818	39.49520453	59.758
0.01294508	54.59704395	38.50513184	60.152
0.00215783	53.20272515	35.82217544	60.652
-0.01279149	51.30223623	31.15570869	60.997
-0.03113305	49.31073367	25.376201	61.062
-0.05270945	47.39816106	19.76148317	61.103
-0.07721352	46.20292702	13.27478106	61.136
-0.1040309	44.27731483	6.930944489	60.947
-0.1334688	42.40579343	0.824380286	60.783
-0.1656789	40.94746789	-4.558596326	60.447
-0.2005094	39.53710793	-9.650676203	60.16
-0.2373442	38.5472314	-14.0213058	59.693
-0.2777248	38.64763517	-14.75509448	59.348
-0.3227264	38.1414436	-17.69866919	58.873
-0.3685016	36.34362989	-21.52011033	58.397
-0.4142749	35.72110299	-24.83669102	57.914
-0.4598946	35.62930163	-27.40109511	57.151
-0.5048962	35.54371135	-29.62586595	56.495
-0.5482044	35.87215058	-31.12454825	55.667
-0.5899711	36.15063323	-32.30510031	54.995
-0.6280385	36.65742063	-33.07373811	54.232
-0.6631781	37.20444735	-33.49965794	53.543
-0.693693	37.84120223	-33.8753933	52.781
-0.7191243	38.34711299	-34.07966102	52.207
-0.7386965	38.90355348	-34.20733956	51.608
-0.7513344	39.44238126	-34.01585623	51.133
-0.7571916	39.97402802	-33.74991594	50.69
-0.7564198	40.50594251	-33.09017247	50.378
-0.7473277	41.10316006	-32.45351983	49.993
-0.7303742	41.52044929	-31.54665214	49.878
-0.7064864	42.45837943	-28.93086171	49.812
-0.6762787	43.85813087	-24.7316074	49.812
-0.6425251	45.39992956	-18.97221132	50.19
-0.6056922	46.38438424	-13.68184729	50.969
-0.565158	46.49027828	-10.43916516	51.944
-0.5192292	46.06732971	-9.026010862	52.838
-0.4697584	46.55835165	-3.937945044	54.043
-0.419514	46.94541749	1.702252456	55.536
-0.369425	47.08892359	6.656770782	57.044
-0.320415	46.94496437	11.2678931	58.725
-0.2720212	46.76653481	15.87460442	60.439
-0.226557	46.51498414	20.08795242	62.095
-0.184174	46.2209608	24.20088241	63.76
-0.1462603	45.92945078	27.73035235	65.228
-0.1129694	45.60884773	30.67754319	66.531
-0.08476593	45.39653251	33.04359752	67.532
-0.06303594	46.01615344	34.87846031	68.524
-0.04777754	45.50881647	36.01144941	69.409
-0.03899263	45.00510512	36.29731537	70.008
-0.03698839	44.37639959	35.83619877	70.483
-0.04176671	43.72615606	34.84546819	70.803
-0.05409554	42.72756048	33.13068145	71.23
-0.07259069	40.69309469	27.61528407	71.426
-0.09432068	38.48017837	21.29753511	71.533
-0.1195965	36.36494815	15.07484446	71.574
-0.1484181	34.45345587	8.872367609	71.418
-0.1806282	32.61465678	2.668970342	71.189
-0.2163841	31.131336	-2.569991993	70.926
-0.2556858	28.95410234	-7.133692966	70.582
-0.298685	27.92194087	-10.89617739	70.36
-0.3456908	27.88155986	-11.70432043	70.131
-0.3979376	27.45448608	-14.09254177	69.762
-0.4526494	26.85817035	-17.21048894	69.319
-0.5082884	26.33335659	-20.23693024	68.835
-0.5642327	26.14982291	-22.87853127	68.138
-0.6197162	26.11140541	-25.18078377	67.409
-0.6739672	26.38358072	-26.94725783	66.548
-0.7260585	26.86695682	-28.32612954	65.605
-0.774915	27.52154995	-29.36535015	64.604
-0.8202256	28.18306343	-30.18280972	63.67
-0.8602971	29.0016056	-30.8291832	62.636
-0.8949741	29.75263093	-31.2551072	61.743
-0.9230241	30.52076382	-31.48570855	60.898
-0.9435215	31.25719819	-31.61340542	60.119
-0.9561594	31.92013522	-31.64059433	59.447
-0.9610913	32.69719922	-31.30140235	58.783
-0.9573919	33.37719625	-30.59041126	58.34
-0.944754	34.05681396	-30.07555812	57.832
-0.9230241	34.59176509	-29.38270474	57.528
-0.8938952	36.04411951	-25.37064148	57.413
-0.8587556	37.5025112	-20.6504664	57.528
-0.8193022	38.66398923	-15.63903232	58.037
-0.7755312	39.10616614	-11.70550158	58.906
-0.7259049	38.48133705	-10.35798884	59.98
-0.6718094	38.61740824	-6.187775272	61.234
-0.6150934	38.77410023	-1.33769932	62.694
-0.5569894	38.36599503	2.75098508	64.465
-0.4987317	37.8248591	6.932577307	66.4
-0.4407832	36.94139445	10.48018334	68.466
-0.3839136	36.16926858	14.11880575	70.451
-0.329509	35.47886847	17.63060541	72.312
-0.2786483	34.9542502	20.75475061	73.878
-0.2324123	34.43778367	23.51035102	75.313
-0.1917245	34.18404263	26.19312789	76.461
-0.1570475	33.96641138	28.17123414	77.338
-0.1296158	33.72565733	29.73797199	78.101
-0.1100417	33.4727594	30.72527821	78.683
-0.09848274	33.28834317	31.23102952	79.036
-0.09493882	33.73263084	30.81789252	79.454
-0.1000243	33.23067711	29.85203133	79.634
-0.1137411	32.49381884	28.13345651	79.798
-0.1342386	30.46677333	22.44531999	79.929
-0.1595144	27.65080109	16.85040326	79.88
-0.1895686	25.66501268	10.62303805	79.79
-0.2245527	23.68605026	4.392150778	79.692
-0.2633918	22.2406608	-0.364017599	79.552
-0.3074699	21.10232179	-4.247034643	79.396
-0.3569426	20.25455043	-7.528348695	79.15
-0.4111917	19.88952549	-9.211423521	78.954
-0.4711445	19.69706968	-10.33179096	78.773
-0.5351039	19.08124321	-13.23527038	78.421
-0.6013765	18.75854767	-15.55635698	77.97
-0.6688799	18.41076374	-17.88070879	77.543
-0.7365386	18.52673979	-20.04078063	76.707
-0.8028113	18.78200647	-22.00498059	75.797
-0.8673869	19.30669292	-23.67992123	74.714
-0.9287258	19.91225972	-25.08522083	73.64
-0.9854418	20.73792137	-26.19923589	72.443
-1.037072	21.62821168	-27.11936495	71.246
-1.081767	22.48680002	-27.88859995	70.131
-1.119836	23.50904419	-28.43686744	68.926
-1.149426	24.40023825	-28.83828525	67.901
-1.170079	25.42413305	-28.91660085	66.851
-1.181638	26.28356873	-28.7232938	66.056
-1.183795	27.2493401	-28.30997971	65.228
-1.176243	28.04502196	-27.74393411	64.621
-1.157594	28.57890878	-27.27327366	64.244
-1.130161	29.77495955	-24.76812135	63.883
-1.095021	31.23823743	-20.45328771	63.858
-1.053101	32.37199292	-16.06802123	64.186
-1.006248	32.79400901	-12.48897298	64.957
-0.9523064	32.34227165	-10.96718505	65.916
-0.8920465	32.26858346	-7.447249607	67.163
-0.8282407	32.14436794	-3.121896176	68.729
-0.761968	31.38084677	0.440540315	70.68
-0.6935394	30.38657066	3.583711986	72.722
-0.624339	29.00625292	6.552758771	75.092
-0.5551406	27.86488063	9.152641894	77.1
-0.4873263	26.76889058	11.91867173	79.118
-0.4224435	25.87986811	14.53760433	80.88
-0.3611028	25.29185998	17.03057995	82.299
-0.3056192	25.08921241	19.52163722	83.332
-0.2567647	24.96949997	21.79349992	84.209
-0.2156142	24.90815715	23.52947146	84.849
-0.1826324	24.94776485	25.02529454	85.308
-0.1593609	24.96534755	25.99004265	85.612
-0.1457976	24.84815492	26.30146475	85.833
-0.1416356	24.58759856	25.93679567	85.972
-0.1473392	24.21425965	25.11377894	86.071
-0.1633674	23.53684987	23.1535496	86.095
-0.1872553	21.54105041	17.31615122	86.145
-0.2170003	19.70954862	11.35364587	85.989
-0.2527562	17.91598989	5.774969674	85.923
-0.294832	16.4847877	1.310363086	85.866
-0.3432258	15.39318449	-2.111446533	85.817
-0.3985538	14.53446194	-4.738614168	85.8
-0.4598946	13.82030128	-6.881096156	85.8
-0.527707	13.43039442	-8.296816741	85.718
-0.6007603	13.16143192	-9.349704241	85.636
-0.678281	12.88589205	-10.98632386	85.366
-0.7579615	12.79067303	-12.92198091	84.816
-0.8387207	12.73438512	-14.86084465	84.226
-0.9190174	12.80109321	-16.80272038	83.512
-0.9973099	13.24235714	-18.62592858	82.463
-1.071903	13.78254903	-20.42535292	81.323
-1.142491	14.55980101	-21.88259696	80.06
-1.206604	15.52333283	-23.1230015	78.683
-1.263629	16.66016321	-24.06551036	77.232
-1.312486	17.60885867	-24.960424	75.985
-1.352402	18.86091362	-25.50925914	74.55
-1.38184	19.82569397	-25.95991808	73.435
-1.400949	20.90622345	-26.06332965	72.32
-1.409271	21.89841642	-25.89175074	71.385
-1.406497	22.9301936	-25.32841919	70.541
-1.392164	23.69457021	-24.83228937	69.942
-1.366735	24.92493656	-22.47019031	69.499
-1.332058	26.39841343	-18.4907597	69.352
-1.290291	27.25880944	-14.73057167	69.745
-1.239586	27.20081745	-12.71454765	70.475
-1.180405	27.10067076	-10.23398771	71.402
-1.114904	26.92384882	-6.80445355	72.722
-1.043855	26.32897106	-3.423086822	74.444
-0.9687973	25.39726856	-0.560194334	76.33
-0.889735	23.93241125	1.759233761	78.568
-0.8086666	22.37628803	3.855864083	80.823
-0.7263676	20.93408388	5.802251632	82.914
-0.6446829	19.76198878	7.796966339	84.751
-0.5642327	18.76099483	9.785984492	86.415
-0.4876354	18.1759028	11.91870839	87.711
-0.4164327	17.8362351	14.09770529	88.777
-0.3520107	17.84865002	16.22595005	89.474
-0.2956018	17.94453073	18.16059218	90.023
-0.248596	18.19582447	19.75147342	90.302
-0.2117612	18.43337189	21.07911567	90.507
-0.1860228	18.64096629	21.87289886	90.564
-0.1718433	18.70425872	22.16177616	90.597
-0.1681458	18.56732171	21.69996513	90.58
-0.1767752	18.2765704	20.90271119	90.605
-0.1969655	17.30767818	17.94803455	90.589
-0.2259407	15.45093247	12.05679742	90.482
-0.2621574	13.82109709	6.675291265	90.318
-0.3057747	12.2750711	2.331213313	90.416
-0.357866	11.28839486	-0.751815427	90.375
-0.4185905	10.50060169	-2.842194918	90.466
-0.4876354	9.751399327	-4.426802018	90.687
-0.5639255	9.254890084	-5.718329749	90.753
-0.6463781	8.838745929	-6.942762213	90.761
-0.7342272	8.570024657	-8.26492603	90.589
-0.8260829	8.513104849	-9.272685452	90.31
-0.9200963	8.563022484	-10.32893255	89.908
-1.014571	8.677662547	-12.10001236	89.203
-1.107814	8.930877691	-13.84836693	88.367
-1.197203	9.389062551	-15.74681235	87.276
-1.282123	10.01779929	-17.35260212	86.112
-1.360261	10.83525652	-18.88723044	84.783
-1.43085	11.76576622	-20.10370135	83.447
-1.492189	12.84388821	-21.09933538	82.037
-1.543357	13.95623723	-21.99528831	80.626
-1.583582	15.05180672	-22.59357985	79.331
-1.611632	16.18121001	-22.91936996	78.093
-1.627197	17.23858335	-22.97224994	77.018
-1.63028	18.30380151	-22.55459547	76.092
-1.620263	19.1904345	-22.08469649	75.362
-1.597145	20.36387656	-20.23537031	74.805
-1.563547	21.63676852	-16.86069443	74.657
-1.519776	22.46626434	-13.65820697	74.895
-1.465834	22.32798932	-12.62103203	75.379
-1.401565	22.59896844	-9.717094693	76.076
-1.329284	22.47434259	-6.007972242	77.437
-1.250529	21.72677581	-3.111672568	79.15
-1.166072	20.33009022	-0.977729351	81.258
-1.076219	18.73726055	0.759781664	83.43
-0.9823605	17.10990493	2.150714776	85.521
-0.8864983	15.61378523	3.518355676	87.473
-0.7897107	14.3299236	4.880770804	89.211
-0.6938485	13.35554076	6.361622291	90.679
-0.6012211	12.74974389	8.012231668	91.835
-0.5135275	12.48561192	9.901835764	92.729
-0.432461	12.54175499	11.84026498	93.319
-0.3601775	12.76039723	13.7741917	93.745
-0.2977597	13.2004464	15.58633919	93.909
-0.2470544	13.62533108	17.08299324	93.983
-0.2082154	13.96216926	18.21650778	94.024
-0.1821698	14.26172165	18.77016495	93.909
-0.1698409	15.39139247	18.8651774	93.811
-0.1699945	15.2295366	18.23260981	93.762
-0.1844812	15.14392783	17.50778349	93.606
-0.211145	13.708432	12.80829601	93.475
-0.247208	10.93117193	7.353515785	93.434
-0.2925206	9.581477542	3.010432627	93.336
-0.3480022	8.601997181	0.194991543	93.377
-0.4136586	7.798433654	-1.627699038	93.573
-0.489177	6.990663638	-2.893009086	93.959
-0.5736338	6.484566181	-3.772301457	94.172
-0.6664149	6.009871632	-4.581385103	94.377
-0.7661301	5.76605436	-5.510836921	94.311
-0.87047	5.512001073	-6.54299678	94.221
-0.9777358	5.389665344	-7.846003967	93.909
-1.086238	5.527849624	-8.955451127	93.401
-1.193813	5.814604916	-10.18618525	92.704
-1.298923	6.255320801	-11.4710376	91.835
-1.399717	6.785979811	-13.15206057	90.744
-1.493421	7.340397153	-14.71080854	89.67
-1.578496	8.172251592	-16.07624522	88.383
-1.653861	9.226569413	-17.41629176	86.882
-1.717358	10.17286126	-18.36341621	85.62
-1.769142	11.26842177	-19.1117347	84.275
-1.806902	12.30639428	-19.63681717	83.062
-1.831406	13.37956074	-19.91231777	81.897
-1.840807	14.34640286	-19.66679141	81.012
-1.836493	15.14290424	-19.19728727	80.372
-1.816766	16.02209835	-18.01170494	79.888
-1.783475	17.205782	-14.97665401	79.716
-1.738471	17.63503506	-12.97489483	79.954
-1.680676	17.87603543	-11.24389371	80.29
-1.611169	18.15565029	-8.116049141	81.053
-1.533185	17.8128465	-4.989460491	82.438
-1.445644	16.78076594	-2.77270217	84.209
-1.35086	15.38503393	-1.103898208	86.161
-1.248987	13.67902425	0.075072759	88.26
-1.142182	13.07845086	1.078352568	90.195
-1.031678	11.65831649	1.908949478	91.892
-0.9193246	10.53998291	2.858948743	93.327
-0.8074341	9.592595957	3.904787871	94.623
-0.6977015	9.152721157	5.216163472	95.5
-0.5930543	8.974018472	6.795055417	96.205
-0.4947251	8.99751724	8.440551719	96.73
-0.4061062	9.2908552	10.3045656	97.058
-0.3276583	9.796807675	12.14342302	97.165
-0.2618502	10.36097314	13.68891941	97.116
-0.2096034	10.92592511	15.06277533	97.009
-0.1715361	11.29604033	16.00212098	96.952
-0.1485717	11.68677008	16.43631025	96.706
-0.1408657	11.77748569	16.24045707	96.55
-0.1484181	11.72449354	15.51448062	96.361
-0.1713806	11.02284846	13.36154538	96.345
-0.2065202	9.386768573	7.568305718	96.05
-0.2530653	8.047252148	3.252756443	95.951
-0.3111674	6.927883995	0.461651986	96.14
-0.3812931	6.295363768	-1.018908696	96.279
-0.4634385	5.674556862	-1.921329413	96.599
-0.5565267	5.209711429	-2.529865713	96.861
-0.6593251	4.717832184	-3.093503449	97.165
-0.7707529	4.390466522	-3.658600433	97.304
-0.8875772	4.030526422	-4.444420734	97.402
-1.009178	3.92379662	-5.304610139	97.222
-1.132474	3.914598372	-6.340204883	96.886
-1.255923	3.996071213	-7.595786361	96.386
-1.376752	4.395349697	-8.734950909	95.607
-1.493114	4.803997029	-10.16700891	94.721
-1.602693	5.325402129	-11.55479361	93.737
-1.703178	5.157085867	-12.5517424	92.573
-1.793492	5.947830587	-13.77050824	91.376
-1.871324	6.796473228	-14.98958032	90.121
-1.935437	7.776265231	-15.91120431	88.834
-1.984602	8.757376676	-16.60986997	87.62
-2.017891	9.771626449	-16.93612065	86.497
-2.035308	10.7049666	-16.96510019	85.554
-2.037003	11.64005463	-16.5688361	84.751
-2.020819	12.50351758	-15.89844726	84.111
-1.989688	13.56555895	-13.54932314	83.832
-1.943298	13.84703108	-12.87590677	83.775
-1.882111	14.64661854	-9.763144386	84.013
-1.808597	14.84749767	-6.481507003	84.906
-1.723831	14.2837696	-3.963691201	86.309
-1.628276	13.25280136	-2.286595926	87.899
-1.52255	11.76041059	-1.105768229	89.785
-1.408811	10.21069551	-0.318913465	91.597
-1.288442	8.766810884	0.344432651	93.262
-1.16268	7.617139701	0.954419102	94.615
-1.034607	6.525811762	1.565435286	95.91
-0.9057633	6.752979435	2.321938306	96.935
-0.7790751	6.404671101	3.293013302	97.607
-0.6570137	6.210686464	4.532059391	98.214
-0.5415773	6.367507352	6.061522057	98.567
-0.4353886	6.74405729	7.683171871	98.731
-0.3402962	7.167995016	9.422985047	98.887
-0.2590761	7.805963313	11.11488994	98.813
-0.1924962	8.461056131	12.58816839	98.649
-0.1416356	9.035399117	13.74419735	98.46
-0.1080375	9.497164716	14.46649415	98.239
-0.0915466	9.716670859	14.63301258	98.075
-0.09200925	9.721167729	13.98050319	97.853
-0.1101953	9.676174573	13.23052372	97.648
-0.144256	8.088714819	7.904144456	97.46
-0.1911083	6.725701457	3.49410437	97.353
-0.2518328	5.802884576	0.776653728	97.37
-0.3265794	5.055964542	-0.654106373	97.64
-0.4148911	4.475987471	-1.335037587	97.993
-0.5166106	4.066771169	-1.824686493	98.239
-0.62958	3.550881305	-2.166356085	98.641
-0.7522597	3.149755261	-2.583734217	98.903
-0.8826453	2.903282482	-3.077152553	98.985
-1.018579	2.755467316	-3.667598051	98.936
-1.157594	2.820561387	-4.456315839	98.608
-1.296302	2.836367602	-5.368897194	98.288
-1.43424	3.055867118	-6.408398645	97.722
-1.5674	3.356179792	-7.694460625	96.993
-1.693623	2.86958002	-8.983259941	96.05
-1.810139	3.383439082	-10.29768276	95.098
-1.915556	4.091365396	-11.46790381	94
-2.007874	4.981208777	-12.66237367	92.712
-2.085241	5.894266434	-13.6612007	91.466
-2.146119	6.718315157	-14.41105453	90.392
-2.189581	7.716215084	-14.86135475	89.244
-2.214857	8.796175362	-14.99047391	88.121
-2.2221	9.625744118	-14.76676765	87.366
-2.210695	10.40593092	-14.27120724	86.751
-2.181105	11.27051684	-12.51144949	86.473
-2.13456	12.16273239	-10.03280284	86.407
-2.072603	12.61965065	-7.015048038	86.956
-1.995545	12.31970848	-4.64187456	88.047
-1.904768	11.46308153	-2.834755424	89.506
-1.800582	10.04616214	-1.772513566	91.277
-1.684838	8.701752826	-1.008741522	92.876
-1.558459	7.37341303	-0.490760911	94.377
-1.424223	6.184153203	-0.098540391	95.697
-1.283664	5.04440483	0.295214489	96.968
-1.139101	4.338418114	0.760254343	97.829
-0.993766	3.786831579	1.319494737	98.567
-0.8496635	3.448566242	2.026698726	99.141
-0.7095676	4.314233188	3.048699564	99.616
-0.5764079	4.414616479	4.237849437	99.912
-0.4532675	4.816868602	5.714605806	100.002
-0.3413751	5.283170938	7.383512814	100.092
-0.2442804	5.887984111	9.026952333	100.035
-0.1627512	6.591309173	10.54592752	99.838
-0.09894541	7.246535459	11.87260638	99.625
-0.05363477	7.748597396	12.85979219	99.452
-0.02758723	8.179862988	13.19658896	99.133
-0.02096015	8.329525591	12.83257677	98.862
-0.03344446	8.251333983	12.20500195	98.731
-0.06519376	7.206288341	8.355865023	98.493
-0.1125086	5.764100045	3.660300135	98.37
-0.1749264	4.900033381	0.945100142	98.329
-0.2539906	4.144748454	-0.435754638	98.624
-0.3484649	3.663474841	-1.018575477	98.911
-0.4580439	3.114796229	-1.335611313	99.354
-0.5811862	2.811243348	-1.607269955	99.567
-0.7155784	2.434533062	-1.900400815	99.846
-0.8592182	2.188305414	-2.246083758	99.977
-1.009178	2.007846463	-2.688460611	100.01
-1.163605	1.96652521	-3.18142437	99.887
-1.31942	2.022835351	-3.849493946	99.608
-1.47354	2.168627394	-4.618117819	99.206
-1.624116	1.363413455	-5.557759636	98.698
-1.7676	1.696797628	-6.624607117	98.009
-1.901685	2.102421275	-7.792736174	97.214
-2.023749	2.704338693	-9.061983921	96.189
-2.131477	3.290514969	-10.20745509	95.221
-2.223026	4.1789909	-11.1810273	94.008
-2.297002	4.986151834	-12.1045445	92.893
-2.35156	5.777988043	-12.70503587	91.901
-2.386237	6.801077424	-13.00776773	90.777
-2.40057	7.612633677	-12.91009897	89.998
-2.394715	8.375652428	-12.51404272	89.367
-2.367589	9.357339368	-10.5529819	89.039
-2.322432	10.07797549	-7.85107352	89.219
-2.258781	10.13336319	-5.419910417	89.974
-2.178176	9.56414202	-3.683573939	91.122
-2.080927	8.59987685	-2.346369449	92.532
-1.968419	7.437055906	-1.553832283	93.959
-1.841732	6.273931129	-1.083206612	95.279
-1.703487	5.044367102	-0.787898693	96.607
-1.554915	4.003208342	-0.467374974	97.755
-1.3991	3.225186376	-0.194440871	98.624
-1.2382	2.699414863	0.124244589	99.256
-1.075449	2.239790282	0.563370845	99.862
-0.9136229	2.999378973	1.09913692	100.281
-0.75565	2.850262415	1.854787244	100.682
-0.6044578	3.067300226	2.898900678	100.813
-0.4628223	3.249217623	4.086652869	101.027
-0.3338246	3.749862781	5.561588342	101.018
-0.2194672	4.265351457	7.108054372	101.018
-0.1223706	5.009368827	8.70110648	100.805
-0.04454079	5.655012011	10.05003603	100.609
0.01356323	6.181218949	11.06165685	100.42
0.04962629	6.71692205	11.66076615	100.084
0.06472921	6.864486951	11.58746085	99.912
0.05856479	6.958858419	10.98257526	99.616
0.02989865	6.381710075	8.882130224	99.493
-0.01679998	4.973169819	4.068509457	99.297
-0.08152919	4.013681385	1.067044154	99.256
-0.1638301	3.446756647	-0.24073006	99.387
-0.2644707	2.858847408	-0.825457775	99.78
-0.3822184	2.450105677	-1.067682968	100.108
-0.5152226	2.129238831	-1.241283506	100.371
-0.6611738	1.892417205	-1.510748385	100.518
-0.8179142	1.596598482	-1.732204554	100.74
-0.9823605	1.400405657	-2.02678303	100.838
-1.152509	1.407231157	-2.42330653	100.699
-1.325124	1.538049012	-2.867852965	100.42
-1.496658	0.544422572	-3.487732284	100.207
-1.664804	0.730888345	-4.182334965	99.789
-1.826013	1.007049865	-5.003850405	99.239
-1.977975	1.242035138	-5.996894585	98.673
-2.117299	1.688090979	-7.067727064	97.87
-2.241365	2.142141051	-8.090576846	97.075
-2.348017	2.71073795	-9.09078615	96.173
-2.43571	3.486316064	-9.989051808	95.098
-2.502599	4.293641459	-10.69007562	94.057
-2.547601	5.044973311	-11.06708007	93.18
-2.569795	5.855565887	-11.11930234	92.352
-2.570258	6.570812827	-10.77056152	91.753
-2.546831	7.361959397	-9.381121809	91.425
-2.502599	8.033858566	-6.921424301	91.573
-2.437714	8.131698635	-4.758904094	92.196
-2.352948	7.57048248	-3.145552559	93.295
-2.249534	6.639813489	-2.151559534	94.557
-2.128549	5.599076292	-1.532771123	95.804
-1.991383	4.558677545	-1.209967364	96.952
-1.840346	3.592918021	-0.984245938	97.993
-1.678058	2.822362014	-0.688913958	98.862
-1.506368	2.248846116	-0.516461652	99.493
-1.329284	1.756822977	-0.243531069	100.076
-1.149118	1.396378421	0.124135264	100.559
-0.96926	2.165243281	0.513729842	100.92
-0.792792	2.065209153	1.074627459	101.207
-0.6229529	2.086166253	1.87549876	101.453
-0.4631313	2.392648636	2.917945907	101.494
-0.3156385	2.714709911	4.178129734	101.592
-0.1846367	3.188867351	5.627602054	101.601
-0.07135818	3.84305437	7.146163111	101.453
0.0215764	4.456630727	8.542892182	101.305
0.09231833	5.168698332	9.722094995	100.986
0.1396332	5.613866803	10.44260041	100.781
0.1630584	5.981716234	10.6341487	100.477
0.163521	6.017377855	10.12613356	100.272
0.1394777	5.860635341	9.040906022	100.067
0.09355083	4.510888553	4.35266566	99.854
0.02804989	3.439668829	1.163006487	99.862
-0.05779495	2.863920959	-0.120237124	100.01
-0.1642928	2.391000154	-0.629999538	100.313
-0.2899001	2.030845057	-0.897464829	100.584
-0.4326145	1.727630506	-1.045108483	100.838
-0.5904338	1.465217565	-1.193347305	101.051
-0.7604283	1.235552723	-1.41434183	101.207
-0.9399776	1.104847369	-1.659457892	101.256
-1.126	1.119708336	-1.884874992	101.166
-1.31526	1.136148937	-2.27955319	101.018
-1.504673	1.347450431	-2.701648707	100.666
-1.690849	1.468331725	-3.224004826	100.371
-1.870708	1.556357546	-3.919927361	100.051
-2.040702	1.757673421	-4.716979738	99.584
-2.19775	0.98340745	-5.63877765	99.051
-2.338615	1.48740034	-6.53879898	98.247
-2.461449	1.875560294	-7.513319117	97.534
-2.563784	2.427988199	-8.415035402	96.681
-2.64331	3.160868152	-9.093395544	95.722
-2.699564	3.888411888	-9.544764336	94.844
-2.73085	4.724168208	-9.668495376	93.967
-2.737785	5.330500264	-9.448499207	93.434
-2.71852	6.015123229	-8.477630314	93.073
-2.675829	6.573349337	-6.310951989	93.237
-2.61002	6.695825003	-4.34452499	93.77
-2.522327	6.249617626	-2.878147123	94.705
-2.413055	5.375689402	-2.031931793	95.861
-2.283902	4.384736199	-1.584791403	97.001
-2.136718	3.451564103	-1.261307692	98.042
-1.973351	2.674464488	-1.084606535	98.878
-1.797038	2.06715757	-0.887527289	99.551
-1.610245	1.502721338	-0.711835986	100.174
-1.416517	1.165998503	-0.516004492	100.576
-1.218779	0.797285177	-0.269144469	101.027
-1.020581	0.551967801	0.074903404	101.387
-0.8250039	0.566324974	0.561974922	101.535
-0.6362071	0.473963787	1.193891362	101.838
-0.4575813	0.650501529	2.044504587	101.945
-0.2917488	1.80849754	3.13349262	102.15
-0.1424073	2.299747332	4.460241996	102.101
-0.01279149	2.913490812	5.932472435	101.978
0.09555318	3.468453971	7.351361913	101.896
0.1797028	4.22111103	8.64933309	101.576
0.2390394	4.755322394	9.513967183	101.33
0.2724839	5.220300634	9.849901903	100.977
0.2801898	5.205014255	9.510042766	100.879
0.2607713	5.144372208	8.836116624	100.715
0.2168467	4.047540763	4.612622289	100.404
0.1502669	3.03619048	1.28157144	100.305
0.06195512	2.387817253	-0.04854824	100.51
-0.04993537	1.914316213	-0.509051362	100.83
-0.182786	1.636832052	-0.750503843	101.027
-0.3352107	1.2847099	-0.8978703	101.33
-0.5042799	1.022381921	-1.045854238	101.543
-0.6876822	0.932414184	-1.168757448	101.592
-0.8820291	0.833319317	-1.367042049	101.625
-1.084541	0.791808667	-1.638573999	101.576
-1.291216	0.806681856	-1.887954433	101.478
-1.498662	0.871994464	-2.211016609	101.305
-1.703334	0.837156453	-2.657530642	101.191
-1.901685	0.876604272	-3.181187185	100.977
-2.090328	0.200902804	-3.855291587	100.428
-2.265871	0.459323446	-4.628029662	99.912
-2.424767	0.79943067	-5.428707991	99.305
-2.563938	1.098033718	-6.353898845	98.698
-2.681532	1.609322663	-7.133032011	97.927
-2.775237	2.154153537	-7.85953939	97.14
-2.843049	2.813892254	-8.364323239	96.312
-2.883891	3.48436244	-8.614912681	95.558
-2.898224	4.050517211	-8.542448368	95.016
-2.884199	4.692716051	-7.917851846	94.582
-2.844128	5.45625223	-5.924243311	94.483
-2.778473	5.611428669	-4.054713992	94.951
-2.687696	5.264203012	-2.759390965	95.73
-2.573648	4.481236962	-1.985289113	96.771
-2.436635	3.605677623	-1.560967131	97.788
-2.279588	2.803723622	-1.359829134	98.657
-2.104661	2.08222959	-1.211311229	99.428
-1.914632	1.566992953	-1.011021142	100.01
-1.713197	1.116871715	-0.837384855	100.518
-1.502362	0.781409264	-0.661772207	100.912
-1.287517	0.502020137	-0.416939588	101.273
-1.070517	0.322148853	-0.170553441	101.535
-0.8562906	0.141326408	0.195979225	101.838
-0.6480733	0.122312128	0.681936384	102.019
-0.4500308	1.184995302	1.409985907	102.199
-0.2655496	1.42575948	2.330278439	102.265
-0.09817367	1.72262111	3.490863331	102.355
0.04931722	2.164195131	4.791585392	102.347
0.1735384	2.833617205	6.283851614	102.175
0.2723303	3.46371318	7.532139539	101.961
0.3444583	4.061571378	8.563714133	101.707
0.3877647	4.434272531	9.066817594	101.502
0.4028695	4.664791847	8.897375541	101.215
0.3896153	4.644118222	8.343354667	101.051
0.3487739	3.78100837	5.13902511	100.846
0.2821941	2.657362227	1.522086681	100.764
0.1912618	2.142	0	100.772
0.07521117	1.718225413	-0.434323761	101.051
-0.0647311	1.349412269	-0.580763194	101.371
-0.2264015	1.14472314	-0.750830581	101.519
-0.4067225	0.882795071	-0.921614787	101.724
-0.6032253	0.743322121	-1.070033636	101.814
-0.8123661	0.652607309	-1.219178074	101.855
-1.030908	0.603287178	-1.418138467	101.838
-1.254691	0.577889293	-1.64133212	101.789
-1.480783	0.617071406	-1.940785783	101.65
-1.704103	0.706232665	-2.288302004	101.445
-1.921875	0.827749014	-2.712752957	101.182
-2.129628	0.021398613	-3.211804161	100.822
-2.32382	0.214394279	-3.913817164	100.395
-2.500595	0.464184654	-4.688446039	99.887
-2.657181	0.861198675	-5.417403975	99.247
-2.790956	1.26628025	-6.218159251	98.575
-2.898687	1.67905071	-6.97184787	97.911
-2.979291	2.215476982	-7.477569055	97.206
-3.030459	2.779234046	-7.805297861	96.533
-3.052344	3.402464113	-7.780607661	95.918
-3.045101	3.945352193	-7.40594342	95.5
-3.007958	4.576047425	-5.759857724	95.418
-2.942611	4.863608805	-3.961173584	95.73
-2.849985	4.55805796	-2.663826119	96.468
-2.731158	3.848100405	-1.964698784	97.411
-2.587365	3.136557218	-1.639328345	98.231
-2.42107	2.384367522	-1.387897435	99.067
-2.234892	1.778872852	-1.236381443	99.723
-2.031608	1.214084095	-1.061747716	100.346
-1.814915	0.838486558	-0.934540327	100.764
-1.587897	0.551323329	-0.761030014	101.109
-1.354869	0.223916336	-0.588250993	101.494
-1.119527	0.076242571	-0.341272288	101.724
-0.8857266	-0.096336203	-0.049008608	101.994
-0.6579371	0.894395519	0.391186558	102.15
-0.4403205	0.907868001	0.947604002	102.322
-0.2362653	1.133070486	1.722211457	102.355
-0.05008896	1.35657387	2.785721611	102.486
0.1152808	1.748866298	4.037598895	102.511
0.2559929	2.329162626	5.457487878	102.404
0.3703503	2.899967742	6.752903226	102.265
0.4552698	3.423458001	7.831374002	102.101
0.5099816	3.942198863	8.526596588	101.814
0.5337178	4.236627247	8.57288174	101.535
0.5275515	4.23199237	8.018977111	101.355
0.4899468	3.498327901	5.202983704	101.15
0.4244459	2.433162312	1.662486935	101.035
0.3321275	1.854772468	0.122317405	101.1
0.212222	1.414740761	-0.336777716	101.387
0.06565453	1.037846952	-0.531459145	101.699
-0.10434	0.873916227	-0.67825132	101.814
-0.2954482	0.586762398	-0.825712806	102.052
-0.5047426	0.537929745	-0.948210765	102.06
-0.7280627	0.447295069	-1.097114794	102.101
-0.9627865	0.382000937	-1.220997189	102.125
-1.20383	0.373327606	-1.493017183	102.043
-1.44842	0.38863366	-1.717099021	101.953
-1.691003	0.460664682	-2.041005955	101.773
-1.92804	-0.279456863	-2.392370589	101.396
-2.155367	-0.16624217	-2.841726509	101.133
-2.368668	0.075587002	-3.418238995	100.699
-2.564401	0.276635641	-4.096093078	100.272
-2.739018	0.501396363	-4.822810911	99.805
-2.889131	0.849013224	-5.576960327	99.206
-3.012119	1.228820627	-6.23153812	98.608
-3.105515	1.699375365	-6.811873904	97.944
-3.168705	2.221128393	-7.190614822	97.296
-3.199991	2.776895173	-7.269314482	96.714
-3.199066	3.295471481	-7.018585556	96.279
-3.165776	3.867811403	-5.718565792	96.14
-3.101509	4.214662488	-3.991012535	96.369
-3.008111	4.040791749	-2.691624754	96.976
-2.885432	3.46145697	-2.017629091	97.78
-2.735782	2.726886496	-1.665340511	98.632
-2.560857	1.941261965	-1.463214106	99.485
-2.363891	1.50777733	-1.287668011	99.977
-2.147968	0.975139938	-1.112580187	100.568
-1.916172	0.64098786	-1.011036419	100.936
-1.673589	0.240181721	-0.860454837	101.387
-1.422988	0.052158618	-0.710524147	101.625
-1.168846	-0.152959395	-0.488878184	101.904
-0.9160879	-0.3011054	-0.219316199	102.142
-0.6684172	0.674181774	0.123545323	102.281
-0.4307658	0.695558692	0.631676077	102.429
-0.2069829	0.765405109	1.309215328	102.585
-0.001541578	0.924657644	2.203972932	102.724
0.1823234	1.284689807	3.40706942	102.765
0.3402962	1.799407712	4.729223137	102.691
0.4700656	2.271445665	6.046336994	102.658
0.5693182	3.023206823	7.293620468	102.322
0.6360516	3.458256592	8.106769777	102.158
0.6696497	3.758384133	8.3681524	101.945
0.6701124	3.885289441	7.839868323	101.642
0.6368234	3.425736156	5.942208469	101.469
0.5733247	2.169207884	1.878623652	101.371
0.4802366	1.583827215	0.170481646	101.387
0.3567871	1.324173724	-0.239478828	101.51
0.2052877	0.995908604	-0.459274187	101.765
0.02681739	0.660921459	-0.603235622	102.052
-0.1746174	0.513315162	-0.776054514	102.142
-0.3960888	0.423229007	-0.875312979	102.199
-0.6343583	0.275226508	-0.998320475	102.306
-0.8844941	0.209316548	-1.220050356	102.298
-1.143261	0.225139341	-1.370581976	102.232
-1.405728	0.273271688	-1.571184935	102.117
-1.667731	0.371007468	-1.868977597	101.92
-1.924187	-0.508590895	-2.170772684	101.699
-2.171395	-0.305831202	-2.570493607	101.363
-2.404423	-0.08819009	-3.123570271	100.961
-2.619421	0.088093834	-3.725718498	100.584
-2.811917	0.354213503	-4.379359491	100.1
-2.979445	0.627683311	-5.157950067	99.567
-3.118616	1.032075357	-5.789773928	98.952
-3.226345	1.462070214	-6.344789359	98.337
-3.301555	1.826254151	-6.851237547	97.804
-3.342243	2.422959753	-6.97812074	97.165
-3.349025	2.866747906	-6.777756282	96.788
-3.320667	3.479218881	-5.777343357	96.509
-3.259019	3.899909658	-4.047271025	96.665
-3.165005	3.73642519	-2.695724429	97.279
-3.039398	3.215547072	-2.044358785	98.017
-2.884353	2.537192162	-1.691423513	98.813
-2.701721	1.914839239	-1.491482283	99.502
-2.49443	1.383633149	-1.339100554	100.084
-2.266178	1.007590875	-1.213227374	100.502
-2.020358	0.582818055	-1.035545835	100.986
-1.761436	0.312933907	-0.861198279	101.314
-1.49373	0.026343368	-0.736969897	101.642
-1.2214	-0.160825452	-0.587476355	101.879
-0.9492252	-0.284822715	-0.317468146	102.093
-0.6819804	0.624696789	-0.048909632	102.273
-0.4239832	0.573533873	0.36460162	102.462
-0.1800119	0.620049374	0.945148121	102.609
0.04546422	0.737456972	1.717370916	102.749
0.2478243	1.016459881	2.800379643	102.831
0.4238296	1.440832948	4.073498843	102.831
0.5702435	1.970057805	5.463173414	102.765
0.6841382	2.490878221	6.731634664	102.667
0.7641258	3.146608537	7.687825611	102.33
0.8078968	3.51019152	8.11557456	102.109
0.8169889	3.611851085	7.706553255	101.871
0.7890926	3.359246471	6.531739414	101.732
0.7279073	3.058838065	2.162514194	101.576
0.6346655	2.54016236	0.312487079	101.478
0.5093654	2.102037521	-0.167887437	101.756
0.3526269	1.85676302	-0.38471094	101.929
0.167374	0.661027269	-0.530918193	102.076
-0.04377095	0.489579158	-0.652262527	102.207
-0.2775694	0.301119852	-0.848640443	102.33
-0.5292485	0.260141764	-0.971574709	102.33
-0.7951053	0.209373138	-1.048880586	102.355
-1.07067	0.168447499	-1.294657502	102.314
-1.351323	0.12596456	-1.521106319	102.281
-1.632592	0.239390116	-1.696829653	102.109
-1.908775	-0.566158804	-1.998476413	101.814
-2.176173	-0.510235426	-2.421706278	101.617
-2.429237	-0.250781647	-2.84934494	101.215
-2.663345	-0.026442284	-3.454326852	100.789
-2.875569	0.19049329	-4.10852013	100.354
-3.060666	0.529051899	-4.787844303	99.789
-3.21602	0.826534365	-5.494396904	99.256
-3.33839	1.189901425	-6.177295725	98.665
-3.426238	1.636169355	-6.584491935	98.083
-3.478177	2.134105583	-6.812683251	97.509
-3.493126	2.659053122	-6.662840634	97.034
-3.470779	3.204773303	-6.084680092	96.681
-3.412214	3.716180985	-4.304457046	96.763
-3.318201	3.775705763	-2.823882711	97.197
-3.190589	3.229837622	-2.097487135	97.985
-3.030921	2.568705277	-1.743884169	98.764
-2.8412	1.873622653	-1.567132041	99.518
-2.624353	1.375577684	-1.414266949	100.067
-2.384542	0.942269586	-1.238191241	100.559
-2.125468	0.598925174	-1.086224478	100.953
-1.850826	0.320696543	-0.960910372	101.273
-1.565858	0.067932081	-0.810203756	101.576
-1.275342	-0.160697606	-0.611092819	101.871
-0.983593	-0.284562839	-0.415688516	102.06
-0.6963135	0.600359339	-0.169921984	102.257
-0.4179724	0.616340105	0.172020316	102.355
-0.1538127	0.645731363	0.70419409	102.503
0.09123942	0.698284803	1.353854409	102.667
0.3134788	0.937273734	2.316821201	102.749
0.508442	1.198311041	3.540933123	102.896
0.671963	1.800200648	4.977601943	102.773
0.8015769	2.352111267	6.315333802	102.667
0.8946651	2.906949421	7.388848263	102.47
0.949995	3.392238053	8.007714159	102.191
0.9672558	3.524995425	7.742986276	101.97
0.9466047	3.353146292	6.954438877	101.879
0.8888097	2.038614836	2.518844508	101.715
0.7967986	1.400184302	0.456552906	101.666
0.6699588	1.077212467	-0.119362599	101.797
0.5093654	0.74181691	-0.264549269	102.084
0.3171782	0.521575984	-0.433272049	102.248
0.09663209	0.424061879	-0.602814362	102.289
-0.1476464	0.308601444	-0.727195667	102.363
-0.4127333	0.193180635	-0.875458095	102.429
-0.693693	0.234030303	-0.998909091	102.347
-0.9859045	0.151653686	-1.198038943	102.363
-1.284897	0.126730701	-1.395807896	102.322
-1.585123	0.14889577	-1.623312691	102.224
-1.881804	-0.720987443	-1.89896233	102.002
-2.168621	-0.575162866	-2.199488598	101.756
-2.442184	-0.357421343	-2.653264028	101.387
-2.696635	-0.115038296	-3.156114888	100.977
-2.927661	0.059029556	-3.836911331	100.576
-3.131099	0.250671341	-4.566985978	100.141
-3.303713	0.539085655	-5.324743035	99.6
-3.441959	0.885773058	-5.958680827	99.042
-3.543525	1.43798047	-6.441058591	98.329
-3.60656	1.877841942	-6.720474173	97.796
-3.630756	2.411150793	-6.695547621	97.271
-3.61519	2.880051066	-6.344846802	96.919
-3.560477	2.515333248	-4.586000255	96.87
-3.46816	2.617076065	-2.978771804	97.304
-3.339777	2.089432909	-2.224701273	98.083
-3.176256	1.543177905	-1.796466286	98.772
-2.980216	1.831139959	-1.595580123	99.551
-2.754893	1.324978026	-1.416065922	100.117
-2.503985	0.883052284	-1.265843149	100.609
-2.231194	0.466837776	-1.113486672	101.076
-1.942064	0.213902242	-1.011293275	101.363
-1.640298	0.026530278	-0.787409167	101.625
-1.331751	-0.226219954	-0.660659862	101.92
-1.021044	-0.45636288	-0.439088641	102.224
-0.7137297	0.543041192	-0.218876423	102.298
-0.4148911	0.395260288	0.048780865	102.535
-0.1303856	0.351606664	0.460819992	102.716
0.1353175	0.41391073	1.064732189	102.855
0.377131	0.587952773	1.85685832	102.945
0.5908946	0.857110573	3.00933172	103.06
0.7724481	1.37748637	4.34845911	102.986
0.9180921	1.797952336	5.732857009	103.027
1.025822	2.43185722	6.923571659	102.79
1.093635	2.86668592	7.685057761	102.609
1.120759	3.160994819	7.730984456	102.33
1.107505	4.035993232	7.061979697	102.232
1.054489	2.779933595	2.825800786	102.076
0.9646353	2.127596293	0.57478888	101.978
0.8370256	1.862451434	0.025354301	102.06
0.6730419	0.610510875	-0.190467374	102.24
0.4754602	0.398036899	-0.335889303	102.404
0.2470544	0.225819905	-0.507540286	102.519
-0.008015067	0.103656864	-0.652029407	102.593
-0.2860471	0.021788197	-0.825635409	102.617
-0.5813398	-0.01102605	-0.97207815	102.601
-0.8903513	-0.037294139	-1.098882417	102.585
-1.207067	-0.00476034	-1.32228102	102.478
-1.526249	0.059089449	-1.523731652	102.347
-1.842502	0.066410271	-1.723769187	102.273
-2.149972	0.228594077	-2.050217768	102.002
-2.443879	0.412918724	-2.454243829	101.683
-2.718674	-0.50848583	-2.983457491	101.428
-2.969273	-0.284119147	-3.588357441	101.002
-3.192131	0.045439777	-4.321680668	100.428
-3.382315	0.30936804	-5.05389588	99.92
-3.537051	0.712951374	-5.739145878	99.288
-3.653104	1.166111098	-6.320666707	98.641
-3.728468	1.769843057	-6.651470829	97.927
-3.762683	1.33430954	-6.704071379	97.345
-3.754822	1.84444172	-6.427674839	96.927
-3.705041	2.445649374	-4.945051877	96.82
-3.615035	2.531775037	-3.234674888	97.304
-3.486191	2.119804962	-2.304585113	98.026
-3.319896	1.360808411	-1.875574768	98.928
-3.118616	0.707727452	-1.647817644	99.657
-2.885124	0.152719882	-1.467840355	100.272
-2.623737	0.801070012	-1.340789963	100.666
-2.338615	0.416876185	-1.164371444	101.109
-2.034691	0.172595947	-1.01221216	101.404
-1.716432	-0.104939138	-0.860817414	101.732
-1.389853	-0.309569299	-0.637707898	102.011
-1.060037	-0.480784129	-0.488352386	102.232
-0.7328392	-0.595010643	-0.291031929	102.412
-0.4135031	0.346	0	102.568
-0.1080375	0.270730646	0.266191939	102.732
0.1781632	0.275774179	0.773322537	102.896
0.4404741	0.368071864	1.494215592	103.044
0.6738117	0.531817543	2.50145263	103.216
0.8738585	0.961784645	3.743353935	103.2
1.037072	1.497201464	5.151604392	103.134
1.160215	2.023520627	6.484561881	103.052
1.241281	2.50533538	7.36300614	102.863
1.279195	3.871321937	7.59996581	102.576
1.274263	3.877037242	7.002111727	102.371
1.226639	2.807248921	3.204746762	102.175
1.139871	2.06029072	0.76587216	102.109
1.012875	1.681086614	0.144259843	102.281
0.8471966	1.461339054	-0.070982839	102.429
0.6442203	1.192403993	-0.238788022	102.642
0.4084176	0.012220218	-0.458339345	102.749
0.1434862	-0.044184909	-0.579554726	102.765
-0.1462603	-0.134395201	-0.727185602	102.806
-0.4563488	-0.175651443	-0.89895433	102.79
-0.7810794	-0.208308441	-1.071925324	102.765
-1.115365	-0.160231597	-1.24869479	102.658
-1.452889	-0.104687226	-1.424061679	102.544
-1.78856	-0.031995367	-1.649986102	102.396
-2.117144	-0.927282312	-1.926846936	102.199
-2.431395	-0.734365113	-2.28109534	101.888
-2.726843	-0.499513186	-2.710539557	101.51
-2.997786	-0.332158303	-3.315474908	101.141
-3.240062	-0.174923824	-4.022771472	100.748
-3.44874	0.211793542	-4.755619374	100.117
-3.62043	0.55730653	-5.49208041	99.526
-3.751432	0.968471601	-6.151585197	98.895
-3.840822	0.448036129	-6.533891613	98.288
-3.885516	1.077454566	-6.637636302	97.624
-3.886595	1.57954283	-6.385371511	97.206
-3.842671	2.120605741	-5.278182778	97.034
-3.755593	2.512108238	-3.440675285	97.255
-3.62752	2.086027172	-2.381918485	98.034
-3.459067	1.466213087	-1.928360739	98.805
-3.253163	0.846371247	-1.723886258	99.493
-3.012119	1.249336657	-1.495990028	100.166
-2.74133	0.735557891	-1.342326328	100.731
-2.444341	0.400617232	-1.189148304	101.117
-2.126238	0.139293223	-1.013120331	101.437
-1.79226	-0.072828544	-0.887485632	101.691
-1.447494	-0.325544722	-0.736634166	101.994
-1.099183	-0.414847184	-0.488541551	102.166
-0.7522597	-0.604301326	-0.267903977	102.429
-0.4121171	0.312740488	-0.048778536	102.585
-0.08569125	0.27871084	0.266132519	102.724
0.2217786	0.235190597	0.62757179	102.888
0.5047426	0.181451926	1.180355777	103.126
0.7585777	0.525933334	2.090800002	103.085
0.9778894	0.718973733	3.2609212	103.282
1.158827	1.270455021	4.642365064	103.191
1.298613	1.770667876	5.996003627	103.142
1.393706	3.290744048	7.064232144	102.978
1.443641	3.539825079	7.418475238	102.847
1.448418	3.684360713	6.967082139	102.552
1.407269	2.868213096	4.320639289	102.486
1.323736	1.957644449	1.147933346	102.339
1.198128	1.596571695	0.310715085	102.421
1.030599	1.419460841	0.073382522	102.519
0.8243877	1.182333611	-0.070999167	102.708
0.5818025	1.126881115	-0.264356656	102.699
0.3076235	0.947418853	-0.481743441	102.806
0.006164415	0.80868768	-0.65193696	102.888
-0.3170246	0.825252782	-0.800241653	102.822
-0.6571673	-0.208270331	-0.972810992	102.798
-1.00856	-0.242079521	-1.149238563	102.773
-1.365193	-0.234224018	-1.347672055	102.699
-1.720594	-0.195685278	-1.550055835	102.593
-2.069059	-1.098923825	-1.826771476	102.404
-2.404116	-0.872416039	-2.131248117	102.076
-2.720678	-0.736437607	-2.584312822	101.789
-3.012273	-0.536689693	-3.09206908	101.42
-3.274431	-0.305556433	-3.799669298	100.953
-3.502066	-0.091865778	-4.559597335	100.486
-3.691171	0.302428539	-5.344714382	99.83
-3.838818	0.697188054	-6.005435839	99.215
-3.94177	0.216750023	-6.489749932	98.534
-3.998794	0.80504198	-6.64487406	97.894
-4.009274	1.412322964	-6.470031108	97.345
-3.972131	1.928281828	-5.585154517	97.124
-3.889523	2.435577051	-3.745268848	97.23
-3.762836	2.206583605	-2.536249184	97.862
-3.593151	1.530830742	-2.031507775	98.706
-3.383394	0.93564648	-1.726060559	99.403
-3.136339	1.347123507	-1.571629478	100.043
-2.855995	0.841513597	-1.417459209	100.6
-2.547756	0.465611641	-1.240165076	101.035
-2.215627	0.13944579	-1.06366263	101.42
-1.866546	-0.031857923	-0.91157377	101.642
-1.504517	-0.260246047	-0.687738141	101.945
-1.137404	-0.448528124	-0.514584373	102.191
-0.7705993	-0.669729449	-0.242188347	102.503
-0.4098056	0.296740862	-0.048777414	102.601
-0.0622642	0.279014963	0.243044888	102.716
0.2663194	0.162497853	0.48449356	102.913
0.5705507	0.157789488	0.986368464	103.085
0.8445761	0.283274782	1.680824345	103.191
1.084234	0.575063276	2.802189828	103.273
1.283664	0.921521484	4.063564452	103.347
1.440249	1.477002674	5.559008021	103.29
1.550291	3.077250786	6.720752358	103.077
1.613327	3.406157702	7.287473106	102.937
1.62843	3.466664157	6.976992472	102.773
1.594987	2.828561133	4.669683398	102.642
1.516539	1.806793926	1.382381777	102.568
1.39309	1.439673284	0.479019851	102.634
1.22556	1.212977957	0.19193387	102.765
1.015803	1.1	0	102.814
0.7679788	0.880571558	-0.190285325	102.97
0.4854776	0.831933987	-0.38419804	102.954
0.1735384	0.766695222	-0.507914333	102.978
-0.1629048	0.701881698	-0.750354906	102.962
-0.5183058	-0.37154633	-0.92263899	102.978
-0.8864983	-0.38128015	-1.098840451	102.929
-1.261318	-0.217366531	-1.297099593	102.699
-1.635982	-0.243797513	-1.499392538	102.658
-2.004791	-1.074198966	-1.752596897	102.404
-2.361117	-0.977818529	-2.054455588	102.207
-2.698485	-0.826484612	-2.410453836	101.937
-3.011348	-0.526859654	-2.915578961	101.469
-3.293541	-0.361885933	-3.599657798	101.076
-3.541059	-0.065315111	-4.383945333	100.518
-3.748349	0.237003867	-5.222988399	99.936
-3.912795	0.499558855	-5.935323436	99.436
-4.030697	0.018724332	-6.420827004	98.755
-4.100359	0.744863687	-6.627408939	97.96
-4.121319	1.213013225	-6.500960325	97.534
-4.092037	1.801001704	-5.894994889	97.148
-4.014514	2.250860064	-4.002419807	97.329
-3.890294	2.18810787	-2.714676391	97.821
-3.720608	1.635450959	-2.158647124	98.559
-3.507306	0.975435218	-1.828694345	99.329
-3.254858	0.46872152	-1.599835439	99.912
-2.966654	-0.134994734	-1.418984202	100.576
-2.647625	-0.412538996	-1.267616989	100.904
-2.302397	-0.844702109	-1.088106326	101.396
-1.938057	-1.104890208	-0.935670624	101.707
-1.559538	-0.284815915	-0.737447744	101.953
-1.173469	-0.497109964	-0.561329892	102.224
-0.786474	-0.710382751	-0.340148254	102.511
-0.4051809	-0.792701412	-0.023104235	102.699
-0.03668121	0.214122383	0.171367148	102.757
0.3136343	0.145925508	0.458776524	102.921
0.6392884	0.125761981	0.866285943	103.077
0.934583	0.185558229	1.438674688	103.208
1.19412	1.462871896	2.369615688	103.241
1.412971	1.743508585	3.604525754	103.372
1.587281	2.316395384	5.002186152	103.265
1.713967	2.833210386	6.234631159	103.159
1.790872	3.192193713	6.990581138	103.052
1.81661	3.291886826	6.845660479	102.904
1.792413	2.828919856	4.991759568	102.749
1.720132	1.811413122	1.618239365	102.642
1.600226	1.445234378	0.666703135	102.691
1.433006	1.243286531	0.357859592	102.79
1.221554	1.106985241	0.143955723	102.855
0.9684883	0.968964046	-0.048107861	102.929
0.6787437	-0.14365122	-0.286953659	102.962
0.3566335	-0.192859222	-0.458577665	102.954
0.007552404	-0.256831066	-0.677493199	102.945
-0.3620281	-0.232866884	-0.800600652	102.88
-0.7464024	-0.281871565	-1.022614696	102.855
-1.139101	-0.299709818	-1.223129454	102.806
-1.533339	-0.178063643	-1.42519093	102.617
-1.922492	-0.114719044	-1.652157132	102.478
-2.29993	-1.002431974	-1.930295922	102.273
-2.65826	-0.89104917	-2.286147509	102.043
-2.992237	-0.625524831	-2.767574494	101.617
-3.295699	-0.418004562	-3.399013685	101.199
-3.563097	-0.114659264	-4.135977792	100.65
-3.789346	0.081502878	-4.999491365	100.166
-3.971207	0.441929497	-5.76321151	99.551
-4.104983	1.017768845	-6.273693464	98.805
-4.188207	0.579878966	-6.606363103	98.132
-4.219956	1.153954382	-6.483136854	97.599
-4.199921	1.665607729	-6.178176814	97.189
-4.128409	2.205382372	-4.384852883	97.247
-4.007425	2.186562206	-2.869313383	97.771
-3.838818	1.642851787	-2.23544464	98.526
-3.623975	0.982799853	-1.85460044	99.313
-3.366132	0.370480518	-1.675558445	99.985
-3.070222	0.978745445	-1.446763664	100.453
-2.741022	0.612076544	-1.268770368	100.879
-2.38331	0.33586415	-1.06540755	101.223
-2.004328	-0.039786195	-0.962358585	101.633
-1.60932	-0.218730167	-0.761190501	101.879
-1.205063	-0.513405642	-0.538216926	102.248
-0.7983401	-0.604342169	-0.268026506	102.429
-0.3968587	-0.784700773	-0.02310232	102.691
-0.006319901	0.196446671	0.217340014	102.79
0.3654184	0.153979674	0.506939021	102.929
0.7128044	0.094777907	0.746333722	103.068
1.029366	0.129455782	1.318367345	103.224
1.310019	0.317060779	2.079182338	103.29
1.549058	0.556645861	3.289937582	103.454
1.741554	1.047153471	4.710460413	103.437
1.885041	2.562154841	5.985464522	103.347
1.976125	2.975698272	6.857094816	103.224
2.014808	3.161880416	6.974641247	103.077
2.000322	2.845086975	5.457260926	102.888
1.934821	1.741034263	1.923102788	102.814
1.819231	1.287802055	0.833406164	102.904
1.653552	1.102795007	0.50038502	102.978
1.440712	0.990357914	0.262073742	103.011
1.183949	0.862	0	103.052
0.8874217	0.757201095	-0.215396716	103.085
0.5557569	0.798333123	-0.239000631	103.036
0.1958866	0.784422519	-0.553732443	102.945
-0.188027	0.603595792	-0.799212623	103.044
-0.588276	-0.314621109	-0.997863326	102.896
-0.9982352	-0.275040364	-1.149121091	102.806
-1.412045	-0.309074747	-1.374224241	102.765
-1.821542	-0.237363542	-1.627090626	102.609
-2.21948	-1.051532941	-1.855598824	102.347
-2.599694	-0.865256249	-2.208768748	102.043
-2.955095	-0.723177906	-2.616533718	101.765
-3.279671	-0.482735142	-3.224205427	101.322
-3.567567	-0.236463216	-3.961389649	100.83
-3.813696	-0.031609163	-4.822827489	100.338
-4.013435	0.304385029	-5.536844913	99.764
-4.163548	0.795449181	-6.202652458	99.051
-4.261723	0.439205332	-6.536384003	98.296
-4.305492	1.069290676	-6.539127973	97.665
-4.295629	1.490827686	-6.234516941	97.345
-4.230898	2.144559094	-4.666322718	97.214
-4.11423	2.298143604	-3.074569189	97.591
-3.94701	1.781243368	-2.288269895	98.37
-3.730625	1.219569438	-1.957291686	99.042
-3.469547	0.66498529	-1.701044129	99.682
-3.166547	1.068589099	-1.498232703	100.346
-2.828254	0.726830206	-1.293509381	100.756
-2.459291	0.327009643	-1.11597107	101.215
-2.065515	0.058192631	-0.986422106	101.527
-1.654631	-0.138046079	-0.738138237	101.806
-1.232959	-0.316219985	-0.561659954	102.043
-0.8063552	-0.563081442	-0.291244327	102.38
-0.3845298	-0.703	0	102.617
0.02727816	0.295131149	0.291393447	102.716
0.4210556	0.19537187	0.53211561	102.896
0.7907897	0.068257012	0.816771037	103.118
1.129082	0.10540917	1.19822751	103.208
1.430541	1.202291732	1.980875196	103.372
1.689924	1.449940622	3.116821866	103.503
1.901992	1.941755814	4.394267443	103.437
2.062895	2.405731844	5.714195531	103.413
2.1697	2.865659857	6.70097957	103.282
2.221484	3.041476569	6.982429706	103.2
2.217631	2.896560656	6.202681968	103.085
2.15968	1.790005382	2.439016145	102.937
2.049332	1.316760394	1.019281182	102.937
1.88658	1.067587652	0.664762957	103.068
1.673279	0.866375587	0.382126761	103.175
1.413278	0.746294435	0.168883305	103.224
1.111049	0.706987131	-0.048038608	103.191
0.7713692	0.528049136	-0.263852591	103.298
0.3997863	0.594206977	-0.458379068	103.167
0.002927671	-0.412319354	-0.651958063	103.109
-0.4130424	-0.437224266	-0.921672797	103.044
-0.8399532	-0.397782425	-1.049347276	102.962
-1.272414	-0.349413909	-1.297241727	102.831
-1.701792	-1.302788749	-1.526366246	102.708
-2.121306	-1.189866267	-1.754598801	102.519
-2.522634	-0.9470353	-2.034105901	102.183
-2.900074	-0.786617231	-2.488851693	101.871
-3.246227	-0.628593412	-2.998780235	101.543
-3.555084	-0.373404052	-3.733212156	101.043
-3.821402	-0.038555036	-4.573665108	100.428
-4.040252	0.165430799	-5.362707604	99.961
-4.208088	-0.449805067	-6.077415201	99.338
-4.321213	0.159854775	-6.489435676	98.591
-4.378237	0.813862493	-6.61841252	97.894
-4.379007	1.422362345	-6.340912965	97.378
-4.322446	2.033835966	-4.974492102	97.222
-4.211325	2.246576662	-3.277270013	97.575
-4.046725	1.902815309	-2.391554074	98.214
-3.830187	1.251130289	-2.009609133	98.993
-3.565872	0.680687113	-1.75293866	99.649
-3.257632	0.125427771	-1.549716687	100.272
-2.910399	-0.364178411	-1.344535233	100.83
-2.53034	-0.681112713	-1.140338139	101.215
-2.123771	0.024838177	-0.963485468	101.568
-1.697014	-0.203416668	-0.811250004	101.847
-1.257002	-0.431660719	-0.610982156	102.142
-0.8122125	-0.530354464	-0.268063393	102.355
-0.3695805	0.239	0	102.675
0.0634967	0.253943921	0.362831764	102.781
0.4796203	0.161901084	0.554703253	102.937
0.8710844	0.011088336	0.864265007	103.191
1.232034	0.153569093	1.219707279	103.167
1.555378	0.169963596	1.907890787	103.38
1.835413	0.48344833	3.019344989	103.437
2.066901	0.775088837	4.314266512	103.577
2.246143	2.360836793	5.67851038	103.446
2.369284	2.860721439	6.782164318	103.314
2.435094	3.148183396	7.251550189	103.183
2.442646	3.032944997	6.659834991	103.101
2.393327	1.919533574	3.049600721	103.011
2.289143	1.362544919	1.231634758	102.962
2.129936	1.113922916	0.830768748	103.077
1.917404	0.987706546	0.524119639	103.101
1.655093	0.736549602	0.286648807	103.273
1.34824	0.722407864	0.025223592	103.2
1.000854	0.568720411	-0.189838768	103.282
0.6191	0.554105946	-0.383682161	103.232
0.2092943	-0.445216601	-0.627649802	103.15
-0.221316	-0.453492725	-0.799478174	103.101
-0.6653359	-0.380875927	-0.998627781	102.962
-1.11629	-0.340617863	-1.222853589	102.847
-1.565242	-0.457003292	-1.449009877	102.888
-2.005563	-0.155992055	-1.676976165	102.511
-2.42893	-0.102558961	-2.008676884	102.347
-2.828099	0.115388567	-2.389834298	102.002
-3.195829	-0.65988992	-2.87066976	101.617
-3.526879	-0.314773116	-3.581319348	101.035
-3.813696	-0.176162943	-4.395488828	100.625
-4.052428	0.05976908	-5.21169276	100.117
-4.23768	-0.563622136	-5.977866408	99.485
-4.367295	-0.014100756	-6.492302267	98.764
-4.438498	0.663687966	-6.648936103	98.034
-4.451136	1.239976358	-6.420070925	97.534
-4.403512	1.907095394	-5.330713818	97.23
-4.298557	2.27621762	-3.53334714	97.46
-4.137502	1.966543481	-2.569369557	98.091
-3.922196	1.405909316	-2.136272053	98.796
-3.65557	0.695611364	-1.855165909	99.6
-3.342398	0.149269404	-1.601191788	100.231
-2.987922	-0.225092432	-1.419277296	100.666
-2.597536	-0.542719472	-1.217158416	101.051
-2.178485	0.197120455	-1.013638636	101.379
-1.735853	-0.145519943	-0.811559828	101.789
-1.279195	-0.308937263	-0.58781179	102.027
-0.8157564	-0.546682803	-0.317048409	102.355
-0.3529341	0.312750071	-0.048749786	102.585
0.101564	0.310721197	0.314163592	102.708
0.5397267	0.168524001	0.625572002	102.954
0.9536925	-0.096190037	0.815429888	103.282
1.336374	0.039163256	1.170489769	103.265
1.681909	0.02230493	1.809914789	103.495
1.983368	0.237316202	2.871948605	103.634
2.235508	0.643621387	4.14186416	103.651
2.433243	2.243415037	5.62024511	103.544
2.573648	2.690765367	6.815296102	103.495
2.654099	3.057513623	7.39954087	103.323
2.67475	3.061966556	7.091899669	103.216
2.634217	2.109159317	3.888477952	103.101
2.536813	1.315148455	1.557445366	103.118
2.382231	1.120310932	0.945932796	103.109
2.171549	0.959944054	0.662832163	103.175
1.908466	0.65195498	0.428864939	103.405
1.597298	0.623189357	0.168568071	103.347
1.242823	0.527016941	-0.095949178	103.355
0.8516659	0.472405237	-0.382784288	103.314
0.4301476	-0.413746447	-0.45823934	103.175
-0.01510481	-0.502553715	-0.700661146	103.183
-0.4757673	-0.486416179	-0.922248537	103.093
-0.9444469	-0.438836369	-1.148509108	102.97
-1.41328	-0.440080325	-1.374240976	102.896
-1.874405	-0.344459215	-1.651377644	102.708
-2.319658	-0.083987366	-1.880962098	102.371
-2.740868	0.158093962	-2.261718113	102.002
-3.131099	-0.72476865	-2.771305949	101.715
-3.484033	-0.428070314	-3.405210941	101.207
-3.792273	-0.19147829	-4.219434869	100.699
-4.050887	-1.029545416	-5.062636248	100.256
-4.25525	-0.678200696	-5.829602087	99.649
-4.402125	-0.071019491	-6.417058473	98.846
-4.488433	0.507613688	-6.676158937	98.181
-4.513709	1.131787084	-6.450638748	97.632
-4.476258	1.771350893	-5.638947321	97.263
-4.378391	2.263904615	-3.840286156	97.37
-4.222268	2.021216352	-2.723350945	97.985
-4.008658	1.495316865	-2.138049405	98.706
-3.741105	0.891259663	-1.883221011	99.395
-3.423927	0.31210118	-1.652696461	100.051
-3.062824	-0.135436507	-1.420309521	100.576
-2.663192	0.497396924	-1.267809229	100.994
-2.231501	0.148103661	-1.037689017	101.42
-1.775615	-0.112625671	-0.811877014	101.756
-1.302622	-0.300982586	-0.587947758	102.019
-0.8203811	-0.480420896	-0.340262689	102.281
-0.3372149	-0.719696199	-0.023088596	102.626
0.1377826	-0.787487236	0.265538292	102.79
0.5973681	0.177682318	0.554046954	102.921
1.033836	0.051615347	0.862846041	103.15
1.43917	0.021756752	1.169270255	103.282
1.807209	0.120536057	1.807608171	103.396
2.130398	1.261184331	2.772552994	103.577
2.403191	1.717160061	4.017480183	103.536
2.6205	2.184112247	5.517336742	103.569
2.778627	2.645528524	6.778585572	103.528
2.874952	2.993372451	7.477117352	103.413
2.907933	3.027085309	7.308255928	103.323
2.878805	2.335786507	4.88935952	103.208
2.789416	1.415991568	1.883974704	103.126
2.640226	1.050539395	1.132618186	103.241
2.432164	0.850752636	0.803257907	103.331
2.168928	0.731762483	0.545287448	103.364
1.854524	0.522991132	0.260973396	103.478
1.493575	0.516951248	0.047853745	103.413
1.094097	0.511366427	-0.16690072	103.347
0.6611738	0.413693999	-0.408918004	103.364
0.2022046	0.43127422	-0.602177341	103.282
-0.2746417	-0.593180504	-0.825541511	103.232
-0.7610446	-0.479508716	-1.048526148	103.044
-1.249296	-0.447782911	-1.250348732	102.945
-1.731228	-0.392409416	-1.576228247	102.781
-2.19775	-0.14069157	-1.829074711	102.445
-2.641769	-1.04655818	-2.209674539	102.224
-3.054502	-0.804924636	-2.642773907	101.838
-3.429322	-0.550040447	-3.279121342	101.371
-3.759292	-1.246825005	-4.016475015	100.822
-4.039173	-1.117947747	-4.883843242	100.404
-4.263264	-0.726583583	-5.728750748	99.731
-4.427864	-0.292546839	-6.418640516	99.067
-4.529891	0.342712942	-6.702861174	98.337
-4.568112	1.021916691	-6.681249928	97.665
-4.542683	1.701547384	-5.995357849	97.214
-4.453601	2.236400175	-4.120799474	97.304
-4.302718	2.12673619	-2.85079143	97.837
-4.092191	1.673162243	-2.267513272	98.485
-3.824793	1.062789571	-1.908631286	99.215
-3.505148	0.43496889	-1.72809333	99.903
-3.138034	-0.045482856	-1.471448569	100.469
-2.729771	0.645122858	-1.268631427	100.846
-2.286831	0.220762181	-1.014713458	101.355
-1.817073	-0.048413349	-0.838240046	101.683
-1.328051	-0.276031781	-0.588095344	101.994
-0.8285479	-0.432023154	-0.366069462	102.224
-0.325656	-0.612695312	-0.023085936	102.519
0.1703017	-0.770007809	0.290976573	102.781
0.6519263	0.161201268	0.576603804	102.945
1.111205	0.001390497	0.862171492	103.2
1.539503	0.062751191	1.193253573	103.249
1.92958	0.029427197	1.780281592	103.478
2.275426	1.269165785	2.673497354	103.536
2.56964	1.576099192	3.963297577	103.659
2.807139	1.985827362	5.387482086	103.724
2.983761	2.550492707	6.739478121	103.61
3.096577	2.894451109	7.648353328	103.569
3.144199	3.031056511	7.689169534	103.446
3.126783	2.702884629	6.236653887	103.29
3.045254	1.521810556	2.300431669	103.159
2.903002	1.05486101	1.268583031	103.282
2.698484	0.85575292	0.965258759	103.38
2.435864	0.672661915	0.685985746	103.47
2.118994	0.586305996	0.402917988	103.462
1.754192	0.492099768	0.168299305	103.478
1.345775	0.485025139	-0.047924582	103.413
0.9022174	0.389516992	-0.334449023	103.413
0.4307639	0.324494179	-0.529517463	103.413
-0.06164795	-0.67506816	-0.798204481	103.323
-0.5660833	-0.552547723	-0.997643168	103.134
-1.072982	-0.463443281	-1.222329842	102.97
-1.575259	-0.457707759	-1.475123277	102.88
-2.06382	-1.369365656	-1.777096967	102.691
-2.529724	-1.004287429	-2.133862288	102.207
-2.965266	-0.861815716	-2.540447147	101.929
-3.362587	-0.606123002	-3.126369006	101.478
-3.715522	-0.368554885	-3.916664656	100.977
-4.016364	-0.108769195	-4.808307585	100.42
-4.260643	0.102230057	-5.627309829	99.936
-4.443892	0.559960938	-6.294117185	99.256
-4.563027	1.22607289	-6.755781331	98.436
-4.616198	0.921071381	-6.836785857	97.714
-4.602636	1.441895741	-6.405312778	97.337
-4.522647	2.174072846	-4.553781463	97.222
-4.378546	2.230535621	-3.106393137	97.648
-4.172179	1.728844445	-2.370466666	98.395
-3.90586	1.176642078	-2.011073767	99.067
-3.584058	0.540529737	-1.729410789	99.797
-3.212167	0.034655221	-1.549034337	100.363
-2.796351	-0.421036021	-1.293108063	100.904
-2.343392	-0.737847452	-1.088542356	101.289
-1.860535	-0.981839993	-0.911519979	101.592
-1.356255	-1.210273208	-0.660819623	101.904
-0.839337	-0.472442221	-0.340326664	102.273
-0.3176409	-0.654244214	-0.048732641	102.552
0.1986607	-0.688196294	0.242411118	102.683
0.702787	-0.847817864	0.624546407	102.97
1.183949	-0.024240055	0.932279835	103.249
1.635212	-0.011635445	1.192093665	103.323
2.048869	0.029192211	1.755576633	103.47
2.416445	0.19539484	2.647184519	103.601
2.732854	1.516846235	3.884538706	103.692
2.990695	1.975286268	5.307858803	103.708
3.186891	2.563363186	6.703089559	103.585
3.316967	2.992796188	7.769388563	103.511
3.379694	4.157635337	8.09290601	103.454
3.374609	4.015611164	7.297833492	103.331
3.302942	2.719894252	3.065682756	103.216
3.167317	2.092682779	1.478048336	103.314
2.967577	1.074000007	1.104000022	103.208
2.706961	1.087998518	0.800995554	103.093
2.388858	0.91235387	0.54406161	103.183
2.019277	0.841845103	0.26053531	103.159
1.604388	-0.072613967	0.025158099	102.995
1.150658	-0.070608212	-0.214824637	102.913
0.6665684	-0.126298599	-0.408895797	102.904
0.1598216	-0.034978383	-0.65093515	102.732
-0.3611028	-0.018618532	-0.946855597	102.617
-0.8878844	0.086639552	-1.171081345	102.437
-1.41035	0.059511809	-1.423464572	102.38
-1.920488	-0.729212095	-1.701636285	102.076
-2.408739	-0.552282054	-2.031846161	101.789
-2.867092	-0.285693981	-2.438081943	101.387
-3.287222	-0.038990311	-2.999970932	100.953
-3.66235	-0.817527753	-3.763583259	100.477
-3.98554	-0.500641669	-4.681925006	99.854
-4.250934	-0.223951529	-5.474854587	99.313
-4.453756	0.109762793	-6.294711621	98.706
-4.590151	0.750552557	-6.808342328	97.894
-4.659197	0.403212298	-6.965363107	97.189
-4.658889	1.094877941	-6.585366178	96.624
-4.589227	1.709595587	-4.987213238	96.542
-4.452677	1.916144743	-3.311565771	96.894
-4.251397	1.523484512	-2.497546464	97.558
-3.987081	0.889279553	-2.063161342	98.337
-3.664816	0.245342364	-1.804972909	99.067
-3.28938	0.641620776	-1.624137672	99.731
-2.866476	0.193355638	-1.393933086	100.256
-2.403807	-0.115788916	-1.115366747	100.658
-1.908929	-0.392167607	-0.888502822	101.01
-1.390316	0.380011874	-0.686964378	101.305
-0.8564442	0.092943086	-0.366170743	101.699
-0.3162548	-0.16918257	-0.120547709	102.043
0.2205461	-0.114560593	0.26531822	102.117
0.7456326	-0.388520819	0.601437542	102.503
1.249603	-0.530595468	0.886213597	102.74
1.724138	-0.577370148	1.165889555	102.88
2.160143	0.53784121	1.65852363	102.929
2.551147	0.637312232	2.523936695	103.118
2.890055	0.902855065	3.761565194	103.265
3.169475	1.383413832	5.179241496	103.257
3.385242	2.961140688	6.642422064	103.167
3.533968	3.338604144	7.798812431	103.175
3.612416	3.62296275	8.282888249	103.052
3.621201	3.576040317	7.69812095	102.904
3.559706	2.528523903	4.063571708	102.74
3.431941	1.725336364	1.753009091	102.773
3.238059	1.505979875	1.241939624	102.822
2.980062	1.264821808	0.962465425	102.97
2.661804	1.049132378	0.684397133	103.093
2.288527	0.824073374	0.402220122	103.224
1.867624	0.902144322	0.120432967	103.052
1.404956	0.863103853	-0.14368844	103.003
0.9094608	0.849080192	-0.359759425	102.945
0.3877647	-0.150222622	-0.552667866	102.88
-0.149188	-0.117300933	-0.798902799	102.765
-0.6938485	-0.019693751	-1.022081253	102.593
-1.236658	-0.03728253	-1.371847589	102.494
-1.767756	-0.909077045	-1.626231135	102.281
-2.278816	-0.690299174	-1.929897523	101.961
-2.760595	-0.343088478	-2.388265433	101.461
-3.203535	-0.17667284	-2.921018521	101.117
-3.601936	-0.922414932	-3.634244797	100.625
-3.947626	-0.620911988	-4.427735964	100.059
-4.234598	-0.460791834	-5.399375502	99.575
-4.457301	-0.063296209	-6.270888628	98.887
-4.612653	0.470124479	-6.860626562	98.157
-4.697882	1.286416198	-7.093751407	97.263
-4.711752	1.943945726	-6.792162821	96.706
-4.653804	2.647889046	-5.394332863	96.468
-4.526039	2.093648799	-3.541053602	96.64
-4.330614	1.751061125	-2.624816626	97.288
-4.069689	1.142029252	-2.165912245	98.05
-3.747579	1.383220489	-1.883338534	98.903
-3.369214	0.780202335	-1.625392994	99.592
-2.940607	0.340794159	-1.368617523	100.117
-2.469308	0.031973275	-1.116080174	100.51
-1.963487	-0.358968014	-0.935904042	100.961
-1.430694	-0.611434983	-0.661304948	101.305
-0.8811038	-0.89042221	-0.41526663	101.666
-0.3224192	-1.055244988	-0.048734963	101.953
0.2342611	-0.229069951	0.290790148	102.24
0.2945229	-0.205481077	0.313556769	102.224
