0	104.064	0	0
-0.000312286	104.0232673	0.048802002	0.057
0.000934942	103.99	0	0.074
0.00327038	104.0795712	0.364713516	0.106
0.007318601	104.9222629	2.868788764	0.098
0.01339189	105.8044093	5.737228016	0.172
0.0219558	106.7089706	9.164911814	0.41
0.03456985	108.0768465	13.80853938	0.59
0.05029718	109.7421242	19.51837256	0.828
0.06804957	110.8768815	24.35064458	1.304
0.08642463	112.3197027	30.0561081	1.763
0.1043322	113.4589321	35.68779618	2.501
0.1202166	114.1617558	39.68926751	3.132
0.1345435	114.5463368	43.23101049	3.928
0.1457551	114.6325052	45.77551548	4.69
0.154319	114.3608897	47.543669	5.551
0.1599248	113.848791	48.3923731	6.346
0.1625725	113.0270562	48.41416855	7.175
0.1625725	112.0716103	47.66283092	7.88
0.1588347	111.1835098	46.54652931	8.396
0.1516732	110.1647541	45.11626239	8.938
0.1410842	109.0667965	43.59238943	9.528
0.1261347	107.8337739	41.00032162	9.897
0.1091602	105.3780286	34.59308585	10.217
0.09187526	102.8201961	27.09058821	10.274
0.07412286	100.9502727	21.57981802	10.307
0.05496997	98.976456	15.36136801	10.208
0.03503732	97.01686812	9.140604371	10.094
0.01401454	95.15619889	2.868596658	9.864
-0.00685113	93.37592002	-3.357239931	9.569
-0.02849656	91.863339	-9.148983005	9.151
-0.05092175	90.66659392	-13.57621823	8.872
-0.07303274	89.46096486	-18.32410543	8.495
-0.09639095	88.60304766	-22.00485703	8.126
-0.1189713	87.89792249	-24.88223252	7.872
-0.1418621	87.51768412	-27.08194765	7.519
-0.1652203	86.92380528	-29.13358416	7.429
-0.1876455	86.4759307	-30.84620791	7.306
-0.208356	86.03579304	-32.26562088	7.273
-0.2271985	85.6028861	-33.48934171	7.298
-0.2437036	85.22699855	-34.27500434	7.412
-0.2570955	84.74207439	-34.81777683	7.716
-0.2670619	84.38953704	-35.01438888	8.003
-0.2734474	84.0531053	-34.9676841	8.355
-0.2751602	83.69912754	-34.55361738	8.847
-0.2723573	83.45963892	-33.91908324	9.298
-0.2647264	83.32698285	-33.23405144	9.659
-0.2514897	83.00659083	-32.59622752	10.192
-0.2329595	82.87501058	-31.90796825	10.553
-0.2085111	83.33710319	-29.39069042	10.93
-0.1814151	84.5847453	-23.63176411	11.602
-0.1535412	86.04145974	-17.38962078	12.226
-0.1245771	87.30035881	-10.68792357	13.201
-0.09545793	87.67738509	-3.79984474	14.12
-0.06696136	89.0477956	3.089386793	15.046
-0.03908554	90.31642986	10.21628959	16.153
-0.0132367	91.35723778	16.63571335	17.252
0.01152392	93.23390119	22.66170358	18.384
0.03472504	93.85069845	28.15109534	19.597
0.05559263	94.4931827	33.1535481	20.622
0.07427805	94.85874463	37.59523389	21.737
0.08969501	94.92345884	41.03837651	22.82
0.1030869	94.99972306	44.04516917	23.746
0.112898	94.79990746	46.22672237	24.673
0.1199043	94.2789711	47.3189133	25.558
0.123487	93.62827741	47.65583224	26.321
0.1236422	92.6223463	46.99903891	27.108
0.1208393	91.72449143	46.10247428	27.707
0.1135207	90.76406354	44.76919063	28.223
0.1018416	89.82905563	43.2451669	28.65
0.08658172	88.19074129	39.33822387	28.986
0.06882933	85.90720732	33.05162195	29.174
0.05029718	83.64848376	26.39845128	29.215
0.03005416	81.73830532	20.39791596	29.125
0.008563912	79.74587413	14.2256224	29.06
-0.01417165	77.73065226	7.441956778	28.814
-0.03784023	75.96757149	1.11771446	28.469
-0.06322351	74.20318545	-5.258443654	28.108
-0.08876198	72.69866878	-11.09799365	27.666
-0.1149231	71.47826729	-16.45719814	27.1
-0.1420172	70.50778641	-21.11464076	26.518
-0.1700483	69.94440972	-24.87177084	25.829
-0.1983896	69.41795609	-27.82813172	25.37
-0.2270414	69.01477263	-30.7836821	24.788
-0.2550724	68.65043237	-33.3287029	24.304
-0.2824788	67.54680338	-35.16658986	23.795
-0.3086399	67.4883067	-36.2990799	23.476
-0.3332435	67.51332625	-37.11202125	23.18
-0.355979	67.61759822	-37.56120534	22.926
-0.375289	68.5594235	-37.95772951	22.852
-0.3911715	68.52349565	-38.03851305	22.861
-0.4031629	68.44898113	-38.04305662	22.934
-0.4100141	68.3984509	-37.8496473	23.049
-0.4115717	67.34800066	-37.23899803	23.303
-0.4081461	67.38723303	-36.55430092	23.492
-0.3980246	67.2965111	-35.89046671	23.804
-0.38105	67.2726231	-35.29913071	24.025
-0.3581593	67.54935832	-33.46092503	24.361
-0.3304406	68.45173513	-29.2537946	24.861
-0.2996086	69.48024107	-24.00227679	25.583
-0.2669067	70.58868858	-17.82393427	26.534
-0.2320245	71.7681263	-11.38162109	27.502
-0.1969872	72.77285341	-4.70443977	28.723
-0.1617947	73.84945667	1.996370008	29.88
-0.1264451	74.95119553	8.571586589	30.97
-0.09312248	75.88503804	15.45611411	32.331
-0.06119844	76.59900112	21.68100337	33.692
-0.03161176	77.29597085	27.48891256	34.931
-0.004515691	77.70213252	32.34639757	36.144
0.01962036	77.9454398	36.69131939	37.349
0.04033085	78.00990525	40.28071574	38.481
0.05792806	77.92935089	43.33605268	39.58
0.07100958	77.71369202	45.49407607	40.515
0.08050843	78.22418978	46.68056934	41.4
0.0854916	77.63107734	46.96823202	42.089
0.08611426	76.7477984	46.38539521	42.778
0.08206411	75.89206159	45.41718476	43.311
0.07318792	75.0219295	44.13278851	43.753
0.05855072	74.05530612	42.26791836	44.098
0.04017567	71.46930474	35.39491422	44.393
0.0205553	69.29699717	29.4929915	44.598
-0.001557597	66.11935482	22.56706445	44.467
-0.02522618	64.21002572	16.22407715	44.262
-0.05123212	62.05632379	9.294971358	44.106
-0.07864047	60.32318721	3.210561628	43.811
-0.1082272	58.66563966	-3.214081018	43.327
-0.138904	57.13651873	-9.475443823	42.769
-0.1709832	55.87475065	-15.03074804	42.179
-0.2043058	54.95328118	-19.64015645	41.564
-0.239188	54.4293445	-23.30296649	40.867
-0.2748479	54.04974927	-26.48175219	40.187
-0.3112877	53.5320075	-29.93097751	39.555
-0.3469476	53.33918925	-32.69943224	38.825
-0.3824524	53.31522144	-34.76333567	38.161
-0.41671	53.49401752	-36.02094745	37.563
-0.4492567	53.63238292	-36.95885123	37.112
-0.4796231	53.74420768	-37.46037696	36.833
-0.5068744	53.94723491	-37.81129526	36.513
-0.5306982	54.05883375	-38.01649876	36.333
-0.5492303	54.22914131	-38.07257607	36.144
-0.5634	54.33346047	-38.0056186	36.062
-0.5710309	54.40604844	-37.73985469	36.078
-0.5722762	54.52849434	-37.24951698	36.119
-0.5671379	54.65829832	-36.56310503	36.218
-0.5548362	54.79853999	-35.84838002	36.316
-0.5347483	54.91318618	-34.93744145	36.505
-0.5090528	55.58150791	-31.82547628	36.874
-0.4771306	56.46275362	-27.87973915	37.308
-0.4419381	57.34717975	-22.71546075	38.145
-0.4037856	58.32684306	-16.53047081	39.227
-0.3637651	59.25559871	-10.32420386	40.367
-0.3223441	60.0268667	-4.125399909	41.662
-0.2802986	60.59993149	1.949794465	43.114
-0.2380978	61.21337655	7.873129654	44.475
-0.196832	61.69350121	13.84050364	45.984
-0.1568116	61.94303068	19.53309204	47.632
-0.1189713	62.25936183	24.7870855	49.067
-0.08440147	62.50232482	29.45197446	50.379
-0.05263453	62.53322258	33.52866773	51.707
-0.025071	62.59076197	37.1932859	52.871
-0.001867967	62.43755806	39.95867417	53.946
0.0161948	62.14069063	41.99307189	54.921
0.02927632	61.82179065	43.32537194	55.684
0.03706239	61.3922019	43.95360571	56.323
0.03877517	61.62293826	43.41881479	56.914
0.03472504	60.83959337	42.42178011	57.365
0.02491581	59.87132824	41.06498471	57.881
0.007941256	58.8902915	38.8118745	58.111
-0.01292442	56.34410426	31.74031278	58.3
-0.03597226	54.16583924	25.15451772	58.283
-0.06166591	52.19855821	18.71267462	58.103
-0.09031957	50.0196371	11.5609113	57.898
-0.1213068	47.11696554	4.844896611	57.562
-0.1547865	45.57196681	-1.317099566	57.053
-0.1906036	44.20421869	-7.043343939	56.512
-0.2290664	43.16986312	-11.99141063	55.897
-0.2697096	42.2705121	-16.4594637	55.307
-0.312533	41.65630042	-20.39309874	54.61
-0.3564465	41.22824967	-23.69625098	53.937
-0.402228	40.88627238	-26.49218287	53.347
-0.4483218	40.67569809	-29.16690572	52.666
-0.4936377	40.72435218	-31.30694347	51.904
-0.5383291	40.72391864	-33.10524408	51.305
-0.5814647	40.99986482	-34.34140554	50.617
-0.6217956	41.2672447	-35.13826589	50.084
-0.6587028	41.57607587	-35.7147724	49.583
-0.6915599	41.90015329	-36.11954014	49.124
-0.7192767	42.23377379	-36.44767864	48.681
-0.7410792	42.52676893	-36.4296932	48.394
-0.7561839	42.77894823	-36.43515531	48.14
-0.7645926	43.0640292	-36.1949124	47.935
-0.7652152	43.42426173	-35.65421481	47.755
-0.7580518	43.75208287	-34.9917514	47.648
-0.7424797	43.94152673	-34.47141982	47.632
-0.718654	44.23899679	-33.80100964	47.558
-0.6870422	45.27728813	-29.8491356	47.837
-0.6507596	46.36362357	-24.99112928	48.37
-0.6107391	47.28377772	-19.25466684	49.362
-0.5671379	48.14415008	-13.32854977	50.477
-0.5211993	48.54364711	-7.996058681	51.855
-0.4729253	48.93534834	-2.590954973	53.265
-0.4234059	48.96428433	2.36785298	54.889
-0.3726413	48.89449845	7.249495338	56.586
-0.322187	48.83148128	11.88144383	58.193
-0.2723573	48.68295393	16.7998618	59.981
-0.2250182	48.60176988	21.15530965	61.514
-0.180325	48.49514002	25.45842007	63.055
-0.1395266	48.39740792	29.00522376	64.335
-0.1035544	48.27609616	32.42728848	65.597
-0.07287755	48.23797489	35.14192467	66.54
-0.04842921	47.98222461	37.22767384	67.491
-0.03052163	47.73690604	38.58271812	68.188
-0.01946518	47.36341156	39.25923467	68.787
-0.01572733	46.76530471	38.96491412	69.287
-0.01853024	46.15395654	38.06686962	69.599
-0.02974379	45.36445809	36.78137428	69.96
-0.04796174	44.47344107	34.6963232	70.156
-0.0722549	42.17963544	27.91390633	70.189
-0.09935096	39.99208196	20.91024588	70.042
-0.1303381	37.82228266	13.56384799	69.763
-0.1647528	36.24428078	7.671842326	69.377
-0.2024378	34.66492666	1.703779992	68.967
-0.2441711	33.26281005	-3.756569839	68.549
-0.2893299	32.23418261	-8.294452168	68.065
-0.3383837	31.41589295	-12.24932115	67.565
-0.3908612	30.86490105	-15.52529685	67.024
-0.4458311	30.24553162	-18.49040513	66.655
-0.5028242	29.94433499	-21.26299503	66.032
-0.5612198	29.65069912	-23.94090265	65.433
-0.619305	29.57565096	-26.35304711	64.704
-0.6759877	29.65658725	-28.35123826	63.957
-0.7317355	29.92356536	-30.08230393	63.113
-0.7837455	30.28146041	-31.42061876	62.309
-0.832487	30.67861102	-32.36816693	61.596
-0.8767128	31.19096037	-33.1441189	60.825
-0.9147082	31.63031258	-33.71906226	60.194
-0.9463199	32.17706626	-34.09780121	59.521
-0.9703008	32.82129656	-34.18111033	58.849
-0.9861833	33.22950434	-34.18648698	58.439
-0.9939694	33.82719833	-33.89340502	57.939
-0.9925689	34.39263277	-33.30410169	57.57
-0.9822903	34.91002042	-32.71193874	57.25
-0.9620473	35.35522154	-32.18933538	56.979
-0.932771	36.16006594	-29.84680217	56.955
-0.8966435	37.38869923	-24.83190232	57.398
-0.8552225	38.27435825	-19.98792525	58.127
-0.8089736	39.01746454	-14.85460639	59.095
-0.7589868	39.55307244	-9.950782682	60.194
-0.7046394	39.49118632	-5.390441027	61.776
-0.6476463	39.24743391	-1.37269827	63.359
-0.5880036	38.84766617	2.518998507	65.056
-0.5263396	38.25730016	6.183900495	66.868
-0.4645166	37.61611488	9.942344648	68.762
-0.4036304	37.09602672	13.57508016	70.493
-0.3444551	36.48618706	17.08256117	72.272
-0.2882398	36.14493712	20.68181136	73.813
-0.2366973	35.82743672	23.93831016	75.216
-0.1909139	35.62624873	26.8507462	76.388
-0.151518	35.53261659	29.42284977	77.339
-0.1197492	35.37397049	31.52991147	78.2
-0.0957683	35.1943753	32.76412589	78.791
-0.08004097	35.08356406	33.58669219	79.176
-0.07350021	34.75528416	33.41485249	79.447
-0.07537009	34.2506004	32.58780119	79.676
-0.08626944	33.84574388	31.49623164	79.717
-0.1072922	33.16499107	29.77497322	79.824
-0.1348557	30.94495498	22.62286494	79.66
-0.1670902	28.93771551	15.54214654	79.307
-0.2030605	27.27002551	9.309076536	78.897
-0.2446386	25.81183453	3.581503586	78.446
-0.291355	24.65362621	-1.123121382	78.036
-0.3428994	23.59016891	-5.051493269	77.79
-0.40036	22.76045389	-8.254638334	77.552
-0.4618707	22.10124733	-10.94325802	77.315
-0.5282075	21.49761264	-13.61516209	77.028
-0.5973473	21.15397859	-15.99906424	76.577
-0.6682016	20.71977098	-18.36068706	76.224
-0.739989	20.60355888	-20.57832336	75.601
-0.8116194	20.6914829	-22.9725513	74.715
-0.8812284	20.84336963	-24.9498911	73.904
-0.9477205	21.2412944	-26.63611679	72.944
-1.009699	21.89249575	-28.02751275	71.829
-1.066381	22.51875779	-29.24772663	70.796
-1.116679	23.20269452	-30.14791643	69.812
-1.159347	23.83727992	-30.87516024	68.935
-1.193604	24.3677125	-31.35086251	68.246
-1.218988	25.85656363	-31.58230912	67.68
-1.234092	26.68365999	-31.56102003	66.86
-1.239075	27.47822353	-31.1933294	66.188
-1.234247	28.16013416	-30.57559753	65.712
-1.218365	28.72698444	-30.03004669	65.327
-1.191581	29.65685327	-27.90644018	65.105
-1.156699	30.93140576	-23.34478272	65.351
-1.115121	31.83566936	-18.81099192	65.958
-1.066692	32.51011832	-14.47464503	66.729
-1.012344	32.87151817	-10.14444548	67.811
-0.9527036	32.66482674	-6.36051979	69.279
-0.8880796	32.25272221	-2.847833369	70.862
-0.8190951	31.38113862	0.243415855	72.764
-0.7473077	30.41040862	3.061225857	74.674
-0.6731848	29.28265418	5.60596254	76.65
-0.5979699	28.19364309	8.071929268	78.561
-0.5236918	27.26784252	10.73052757	80.373
-0.4515921	26.4885072	13.48352161	82.07
-0.3827628	25.97735651	16.28206954	83.514
-0.3198516	25.7128865	19.10365949	84.719
-0.2634811	25.48761115	21.72483346	85.818
-0.2152071	25.51032842	24.03098527	86.564
-0.1759664	25.6244321	25.8972963	87.072
-0.1462226	25.70701499	27.27604497	87.449
-0.1269126	25.71100519	27.97801557	87.679
-0.117726	25.69414953	27.9754486	87.695
-0.119594	25.4751681	27.22250431	87.663
-0.1320528	25.1115178	26.10455341	87.654
-0.1557214	24.45652681	23.67458044	87.499
-0.187178	22.59547701	16.76243103	87.056
-0.2245508	21.05884214	10.50552641	86.507
-0.2683091	19.60895831	4.949874929	86.105
-0.3187614	18.45796824	0.584904718	85.801
-0.3763791	17.49078735	-2.709637939	85.67
-0.4406928	16.74057329	-5.278280122	85.564
-0.5117005	16.04810273	-7.406691819	85.547
-0.5886281	15.40089892	-9.249303226	85.58
-0.6702248	14.95906303	-10.99181092	85.441
-0.7549385	14.58212599	-12.88762204	85.186
-0.8415183	14.32542441	-14.98372677	84.744
-0.9277878	14.33976996	-17.10669012	84.022
-1.012657	14.43457013	-19.28228962	83.202
-1.095188	14.89679536	-21.31561393	82.062
-1.172271	15.51449671	-23.10150987	80.849
-1.243591	16.12384338	-24.79246987	79.676
-1.307593	16.96201216	-26.09096353	78.405
-1.362875	17.81705944	-27.16482167	77.192
-1.408501	18.80491267	-27.966262	75.937
-1.444006	19.83381239	-28.49456284	74.732
-1.468452	20.73368111	-28.72295667	73.756
-1.480911	21.54434103	-28.60397692	72.985
-1.481846	22.41415409	-28.08553772	72.288
-1.470322	23.08078598	-27.53764207	71.804
-1.446652	24.03425738	-26.15022785	71.313
-1.412237	25.40290943	-21.8252717	71.386
-1.369571	26.48285059	-17.37944824	71.788
-1.318494	27.2096162	-13.00915141	72.518
-1.259943	27.29546425	-9.235607265	73.69
-1.193761	27.02737678	-5.881869669	75.076
-1.121507	26.1827278	-3.051816605	76.864
-1.042556	25.08466437	-0.763006898	78.725
-0.9593995	23.65662949	1.249888474	80.824
-0.8721952	22.19590087	3.041702599	82.882
-0.7834351	20.82325138	4.827754144	84.85
-0.6934278	19.58052421	6.610572622	86.687
-0.6042003	18.59921534	8.586646032	88.327
-0.5185535	17.91226571	10.75579712	89.737
-0.4377328	17.55877995	13.11533984	90.877
-0.3632976	17.52553733	15.523612	91.713
-0.2977387	17.6540849	17.97625469	92.402
-0.2419909	17.92293888	20.08781663	92.837
-0.1966769	18.21768337	21.85705011	93.132
-0.1631971	18.62144994	23.09234983	93.14
-0.1424847	18.74119532	23.62258597	93.197
-0.1336085	18.97749739	23.62049217	92.96
-0.1375016	18.90802256	22.77006769	92.746
-0.1540086	18.79757134	21.77571403	92.525
-0.18235	17.64930116	17.17590347	92.14
-0.219878	16.11187449	11.06362346	91.64
-0.264416	14.77772078	5.462162331	91.107
-0.3178284	13.81425685	1.437770547	90.729
-0.3804274	13.0499777	-1.320066888	90.574
-0.4511247	12.26762951	-3.274111484	90.705
-0.5311656	11.60616996	-4.841490116	90.844
-0.6185252	10.90168349	-6.093949543	91.131
-0.7116477	10.30271734	-7.29984799	91.328
-0.8102189	9.875893515	-8.679319456	91.295
-0.9114378	9.621120416	-10.15763875	91.057
-1.013592	9.396440141	-11.98667958	90.672
-1.114966	9.515329396	-13.89201181	89.918
-1.213692	9.846960975	-15.87611707	88.925
-1.307282	10.21000064	-17.90999807	87.884
-1.395264	10.81845955	-19.77462134	86.654
-1.474526	10.81180859	-21.46857423	85.096
-1.544135	11.67343328	-22.89170015	83.76
-1.603463	12.6924019	-24.01679429	82.366
-1.650802	13.69643684	-24.86868948	81.078
-1.684749	14.7255866	-25.42024021	79.865
-1.70624	15.76470649	-25.52488054	78.791
-1.713714	16.79835632	-25.22893104	77.856
-1.707485	17.6849937	-24.68401889	77.151
-1.687087	18.49181295	-24.03656114	76.56
-1.65423	20.02531284	-20.00006147	76.372
-1.610316	21.18269784	-15.66690649	76.659
-1.556124	21.75675245	-11.70674265	77.405
-1.492745	21.79553607	-8.245391789	78.52
-1.42018	21.25891364	-5.280259073	80.045
-1.339049	20.20467031	-2.883989084	81.898
-1.250287	18.76324485	-1.157265455	83.915
-1.154519	16.98406891	0.270206724	86.17
-1.053767	15.43342438	1.474273126	88.122
-0.9492781	13.88988221	2.600646617	90.041
-0.8432311	12.55998451	3.848953529	91.787
-0.7371861	12.62237094	5.242112806	93.189
-0.6334747	12.0348171	6.875451309	94.321
-0.5345912	11.70900513	8.826015392	95.297
-0.4416258	11.6763565	10.9900695	96.051
-0.3578489	11.95492925	13.34978775	96.559
-0.2848143	12.42880429	15.56041287	96.822
-0.2231483	12.944479	17.548437	96.969
-0.1747191	13.46111193	19.12233579	96.977
-0.1406168	14.00475345	20.23726036	96.805
-0.1208393	14.4034298	20.64728941	96.543
-0.1153906	14.65805434	20.30416302	96.174
-0.1241097	14.69461524	19.40584571	95.838
-0.147625	14.46366121	17.70498364	95.502
-0.1839076	12.86305243	11.37615728	94.993
-0.2295339	11.62699649	5.969989471	94.427
-0.2854369	10.72933761	1.852012817	93.952
-0.352086	9.941726536	-0.708820393	93.886
-0.4297915	9.206555356	-2.200333932	94.124
-0.5176185	8.609907071	-3.276278788	94.362
-0.614477	7.954476615	-4.111570155	94.739
-0.7202116	7.248127516	-4.925617452	95.174
-0.8317091	6.796758686	-5.886723943	95.305
-0.94741	6.44294755	-6.876157351	95.329
-1.065602	6.252315707	-8.234052879	95.067
-1.183172	6.150202842	-9.722391474	94.673
-1.299184	6.42569017	-11.40392949	93.837
-1.410681	6.723373726	-13.29187882	92.91
-1.515013	6.437066918	-15.08379925	91.599
-1.611094	7.22569811	-16.85190567	90.221
-1.696896	8.209687313	-18.59793806	88.655
-1.770241	9.25170461	-20.02288617	87.138
-1.830817	10.3286128	-21.0731616	85.711
-1.877221	11.35612495	-21.87562516	84.416
-1.908365	12.40285325	-22.23044026	83.251
-1.923627	13.36074349	-22.23376954	82.292
-1.923782	14.28953239	-21.73640283	81.529
-1.907587	15.09516236	-21.18851291	80.906
-1.876443	16.35017094	-18.20948719	80.644
-1.831907	17.59290798	-13.91727605	80.832
-1.775379	18.04521526	-10.12435421	81.644
-1.70733	17.91314845	-6.97755466	82.825
-1.627756	17.08365214	-4.474043568	84.489
-1.537282	15.65985839	-2.691424818	86.507
-1.437465	14.05452592	-1.456422236	88.524
-1.329083	12.33384271	-0.468471883	90.574
-1.21416	10.68638583	0.343157501	92.492
-1.094098	9.357505313	1.12951594	94.083
-0.9712338	9.192629248	1.939887743	95.518
-0.8471242	8.370609674	2.965829022	96.682
-0.725507	7.834567675	4.237703024	97.642
-0.6074687	7.690284325	5.772852974	98.298
-0.4959731	7.774389322	7.648167965	98.839
-0.3938192	8.185384647	9.81415394	99.15
-0.3024115	8.675378148	12.04913445	99.405
-0.2243956	9.362733743	14.13520123	99.413
-0.1607046	9.944459872	16.02737961	99.462
-0.1125877	10.64274127	17.40822381	99.224
-0.08035325	11.22792987	18.15578962	98.888
-0.06555895	11.62915796	18.27647388	98.527
-0.06633679	11.83660463	17.5698139	98.084
-0.08455665	11.80763046	16.54989138	97.773
-0.1189713	10.96303875	12.44111626	97.248
-0.1649099	9.565946324	6.503838973	96.666
-0.2229932	8.571799123	2.21639737	96.231
-0.2938457	7.890425885	-0.244722344	96.092
-0.3773141	7.106536934	-1.513389198	96.453
-0.4738602	6.657405423	-2.29678373	96.641
-0.5813076	6.026135001	-2.960594996	97.051
-0.698411	5.402420074	-3.478739777	97.502
-0.8232985	4.83580187	-4.047594391	97.879
-0.9537937	4.498807728	-4.812576817	97.961
-1.087715	4.306897979	-5.730306063	97.847
-1.222258	4.296839176	-6.819482472	97.494
-1.355244	4.374722251	-8.085833247	96.994
-1.484649	4.779744143	-9.675767572	96.059
-1.607201	4.34784729	-11.29245813	94.952
-1.721034	5.226481747	-12.96155476	93.517
-1.823809	6.169973875	-14.58307838	92.033
-1.913505	7.2683611	-16.1089167	90.426
-1.988407	8.031846972	-17.28645908	89.27
-2.047737	8.886365007	-18.28990498	88.081
-2.089937	9.808826311	-18.94252107	86.941
-2.114697	10.60185063	-19.1464481	86.08
-2.122327	11.39804765	-18.84885706	85.383
-2.111427	12.12133889	-18.40098332	84.809
-2.082463	13.1862182	-16.48434541	84.383
-2.037459	14.22582993	-12.60351022	84.637
-1.978752	14.63855559	-9.052333227	85.408
-1.905562	14.3605527	-6.148341915	86.654
-1.818983	13.46504095	-4.037877138	88.253
-1.719632	12.05863182	-2.623104539	90.131
-1.608602	10.43812063	-1.607638115	92.09
-1.48714	8.807509518	-0.964471445	93.935
-1.357112	7.397609556	-0.445171333	95.518
-1.221323	6.225530747	0.14559224	96.887
-1.081329	5.290779205	0.737337614	98.019
-0.9397792	4.805647923	1.49594377	98.757
-0.7990072	4.328400635	2.449201906	99.552
-0.6622835	4.153426842	3.622280527	100.118
-0.5317883	5.353808138	5.231424415	100.454
-0.4107938	5.732415282	7.105245846	100.7
-0.3010091	6.157787373	9.34136212	101.02
-0.205396	6.951745472	11.45323642	100.93
-0.1256673	7.573211863	13.48863559	100.987
-0.06322351	8.203847222	15.08654167	100.889
-0.01868734	8.992965287	16.19989586	100.471
0.007006315	9.441115408	16.63234622	100.167
0.01401454	9.679904103	16.21771231	99.79
0.002025068	9.905168513	15.36950554	99.282
-0.02896403	9.530551458	13.08765437	98.896
-0.0750578	8.12899211	6.56997633	98.125
-0.1354784	7.217177964	2.556533892	97.699
-0.2105362	6.520301532	0.048904595	97.56
-0.3006987	5.908319954	-1.100040139	97.789
-0.405188	5.36039893	-1.807803211	98.101
-0.5227569	4.745778576	-2.274664273	98.56
-0.652162	4.179434658	-2.644696025	99.003
-0.7902862	3.736059846	-3.041820461	99.314
-0.9360414	3.399486748	-3.559539757	99.478
-1.086312	3.167161755	-4.229514735	99.487
-1.23783	2.984221393	-5.000335822	99.413
-1.388879	3.006610369	-5.992168894	99.06
-1.536349	2.223166642	-7.187500075	98.445
-1.677276	2.594299389	-8.558101833	97.617
-1.809016	3.170222585	-10.02833225	96.551
-1.929856	4.040878003	-11.45136599	95.206
-2.035903	4.983166786	-12.87849964	93.788
-2.126688	5.853288079	-14.20413576	92.476
-2.200344	6.846123185	-15.18563044	91.156
-2.255002	7.652515247	-16.03945426	90.065
-2.290351	8.412065235	-16.39180429	89.188
-2.305612	9.132775299	-16.3206741	88.491
-2.301251	9.864779985	-15.87066004	87.909
-2.275713	10.6658511	-14.8474467	87.449
-2.231644	11.38532917	-11.45901248	87.859
-2.171069	11.61802752	-8.150917446	88.729
-2.093831	11.25092532	-5.538224039	89.967
-2.000086	10.31538637	-3.646840898	91.533
-1.891705	9.777153698	-2.504538905	93.452
-1.769774	8.40260572	-1.75918284	95.075
-1.635387	6.91947653	-1.336570411	96.699
-1.491188	5.666006168	-0.914981495	98.093
-1.339204	4.626342306	-0.517973082	99.265
-1.18177	3.969878132	-0.075365604	100.069
-1.022156	3.460819535	0.464458604	100.758
-0.8625411	3.116685947	1.202057842	101.348
-0.7063522	2.934220541	2.154661624	101.848
-0.5567041	3.053729728	3.422189184	102.151
-0.4160873	3.408797101	5.078391302	102.348
-0.2877743	3.95824122	7.11972366	102.479
-0.1742517	4.604261422	9.231784267	102.537
-0.07770552	5.241032581	11.36409774	102.611
-0.000155185	6.068534689	13.20460407	102.397
0.05730541	7.78981023	14.53443069	102.119
0.09405551	8.44169822	15.20909466	101.692
0.1091602	8.842433103	15.10929931	101.258
0.1038667	9.099500049	14.40450015	100.766
0.07677059	9.195612078	13.36383623	100.323
0.03114429	7.697515191	7.171545572	99.757
-0.03067681	6.698830377	2.65149113	99.249
-0.1096277	6.076138527	0.267415582	99.077
-0.2058634	4.562868731	-0.903393807	99.2
-0.3187614	3.876831201	-1.512506398	99.683
-0.4469213	3.334808684	-1.857573949	100.11
-0.5883158	2.73576042	-2.15471874	100.61
-0.7407669	2.308971274	-2.427086177	100.946
-0.9016266	1.972233555	-2.822299334	101.151
-1.067782	1.707717448	-3.270847657	101.266
-1.237518	1.590933379	-3.843199863	101.192
-1.406943	1.588404487	-4.612786539	100.938
-1.573409	1.80581264	-5.559562079	100.405
-1.733336	2.129397001	-6.631808996	99.724
-1.883762	2.664535233	-7.879394301	98.773
-2.022977	3.419458559	-9.205624323	97.576
-2.146775	4.174076878	-10.45776937	96.404
-2.254224	5.027195819	-11.68741254	95.141
-2.342829	5.881198412	-12.76740476	93.927
-2.410568	6.605160712	-13.64651787	92.91
-2.457439	6.346410533	-14.1527684	92
-2.481576	6.959835059	-14.25349482	91.353
-2.483602	7.477890209	-13.95632937	90.934
-2.462735	8.046074175	-13.52977748	90.508
-2.420378	8.978204582	-10.70938626	90.516
-2.357623	9.427411402	-7.492765793	91.139
-2.276336	9.134879774	-5.025360677	92.254
-2.176986	9.157636142	-3.430091574	93.763
-2.059883	7.775513715	-2.482458856	95.461
-1.927209	6.409103078	-1.934690767	97.01
-1.780052	5.22977322	-1.560680341	98.314
-1.620748	4.099071597	-1.286785208	99.536
-1.452725	3.304618538	-0.964144386	100.438
-1.278006	2.707300551	-0.593098348	101.159
-1.099861	2.355006403	-0.173980791	101.651
-0.9214041	2.067695346	0.368086039	102.119
-0.7459052	1.885819953	1.076459859	102.537
-0.5763245	1.891932553	2.102797658	102.873
-0.4159321	2.133467696	3.466403089	103.086
-0.2686194	2.560280179	5.289840536	103.267
-0.1365685	3.24039351	7.330180529	103.267
-0.02289074	3.894131366	9.387394099	103.299
0.07116476	4.728742262	11.25222678	103.086
0.1426399	5.48160409	12.77281227	102.84
0.1910691	6.016404555	13.73821367	102.627
0.2161401	6.596413828	13.97824149	102.127
0.2178548	6.852865462	13.37059639	101.668
0.1957419	7.32547345	12.49942035	100.905
0.1513609	6.494967705	7.598903114	100.102
0.08813741	5.296285715	2.745857144	99.683
0.005605818	4.699007332	0.339021995	99.478
-0.09639095	4.432045972	-0.755862083	99.38
-0.2172322	3.752970711	-1.341087867	99.864
-0.355979	3.186726908	-1.587819276	100.348
-0.5095202	2.84277276	-1.809681721	100.618
-0.6756754	1.37389044	-2.05832868	101.004
-0.8522644	1.045522045	-2.305433866	101.25
-1.036015	0.905072669	-2.654781994	101.274
-1.223503	0.895102263	-3.10169321	101.135
-1.411771	0.719715282	-3.651854154	101.127
-1.597702	0.898147122	-4.373558633	100.708
-1.777249	1.212273105	-5.249180686	100.102
-1.947297	1.592834658	-6.297496025	99.372
-2.105354	2.28356692	-7.47429924	98.289
-2.247216	3.029165036	-8.729504893	97.125
-2.371949	3.848586341	-9.910240977	95.912
-2.476282	4.605246405	-10.86526078	94.837
-2.558658	5.359913834	-11.7722585	93.78
-2.61721	6.02823828	-12.37728516	92.91
-2.651313	6.476465578	-12.65560327	92.369
-2.66128	6.99355591	-12.40633227	91.935
-2.64524	7.388507496	-12.10647751	91.64
-2.604908	7.899996598	-10.08301021	91.803
-2.541997	8.325061213	-7.03481636	92.394
-2.457439	8.017914744	-4.734255769	93.468
-2.352329	7.098272966	-3.236181103	94.887
-2.227128	5.90578708	-2.436638759	96.346
-2.083709	4.636506864	-1.987479408	97.765
-1.923938	3.605297649	-1.712107053	98.888
-1.751088	2.606313574	-1.487059279	99.962
-1.566403	1.911518243	-1.210445272	100.749
-1.374397	1.35454578	-0.93736266	101.397
-1.178032	1.084158355	-0.566524936	101.791
-0.9805775	0.838293796	-0.197118613	102.16
-0.7849927	0.789529504	0.367588512	102.397
-0.5953241	0.746260142	1.149780426	102.701
-0.4153095	0.94755177	2.269655311	102.873
-0.247909	2.253378697	3.754136091	103.062
-0.09670323	2.753666674	5.597000023	103.176
0.03488214	3.455922546	7.607767639	103.144
0.1455999	4.125590448	9.517771344	103.111
0.2318694	4.927710352	11.23413106	102.881
0.2935353	5.640732948	12.34119884	102.537
0.3285726	6.162103754	12.84631126	102.184
0.3383818	6.524306711	12.43292013	101.684
0.3215643	6.75042321	11.65926963	101.2
0.2795188	6.070946181	8.390838542	100.79
0.2156746	4.817423334	2.983270001	100.241
0.1303381	4.206053302	0.459159907	100.011
0.02273556	3.636135955	-0.608592134	100.225
-0.1060469	3.138604308	-1.144187077	100.544
-0.2544497	2.556187767	-1.4394367	101.028
-0.4204479	2.277051605	-1.637845185	101.241
-0.6010851	1.955974988	-1.788075036	101.512
-0.7934014	1.628113988	-1.985658036	101.774
-0.9938142	1.535654231	-2.236037307	101.783
-1.199835	1.354562351	-2.560312948	101.856
-1.407411	0.286029593	-2.98491122	101.783
-1.612962	0.390359221	-3.559922338	101.487
-1.812754	0.59087547	-4.236373589	101.061
-2.002733	0.93058254	-5.161252379	100.413
-2.180879	1.457764065	-6.138707805	99.56
-2.342362	2.17161405	-7.318157849	98.453
-2.484379	2.967114128	-8.399657616	97.297
-2.605375	3.687796439	-9.558610682	96.19
-2.702389	4.369529004	-10.41441299	95.223
-2.77371	5.036741404	-11.09477579	94.329
-2.818714	5.631042782	-11.45087166	93.616
-2.83631	6.025118021	-11.40264594	93.238
-2.826655	6.24840962	-11.00277114	93.148
-2.789126	6.663241431	-10.15127571	93.017
-2.725904	7.025229614	-7.121311157	93.665
-2.638855	6.973725466	-4.668823601	94.534
-2.528138	6.218998642	-3.168004073	95.789
-2.395463	4.969339666	-2.416981002	97.289
-2.241766	3.716849377	-2.04045187	98.667
-2.070005	2.792272169	-1.814183492	99.667
-1.882517	1.958398979	-1.585803063	100.577
-1.682414	1.344435117	-1.36069465	101.266
-1.472502	0.902036066	-1.112891801	101.791
-1.257606	0.584179588	-0.863461235	102.192
-1.040531	0.322414991	-0.565755028	102.553
-0.8247009	0.215565351	-0.124303948	102.807
-0.6146321	0.197194992	0.462584975	103.021
-0.4142194	1.310048262	1.341144787	103.201
-0.2264187	1.494255795	2.607767385	103.439
-0.05574781	1.987175017	4.209525052	103.48
0.09530082	2.649855268	6.122565805	103.455
0.2229932	3.219685204	8.006055611	103.513
0.3249899	4.012176087	9.792528262	103.316
0.4005152	4.725572689	11.02071807	103.012
0.4470764	5.317783594	11.81335078	102.684
0.4654515	5.743813105	11.64243931	102.201
0.45533	5.986164919	10.91749476	101.717
0.4168652	5.808704327	9.08011298	101.282
0.3528638	4.387782437	3.245347312	100.758
0.2651939	3.623609565	0.532828696	100.618
0.153386	3.201336648	-0.535990057	100.684
0.01712974	2.645010107	-0.99896968	101.086
-0.1410842	2.170317072	-1.268048784	101.471
-0.3186063	1.874880717	-1.440357849	101.709
-0.5131029	1.57115325	-1.61354025	101.955
-0.7208343	1.340265517	-1.790203448	102.127
-0.9390013	1.166935679	-1.965192963	102.242
-1.16324	0.141198939	-2.216403184	102.184
-1.389659	-0.016038472	-2.565115415	102.225
-1.61561	0.160816945	-2.967549164	101.914
-1.835955	0.231755098	-3.567734705	101.643
-2.047114	0.563161664	-4.319515009	101.061
-2.245191	1.03249315	-5.173520549	100.307
-2.425984	1.509086363	-6.179740912	99.495
-2.587	2.312687767	-7.3119367	98.314
-2.72497	2.993166927	-8.345499219	97.289
-2.837868	3.222144526	-9.305566422	96.74
-2.922891	3.371877459	-9.987367622	96.363
-2.979419	4.180981743	-10.41605477	95.411
-3.005735	4.744582443	-10.51925267	94.813
-3.003088	4.712505479	-10.24648356	94.936
-2.969452	5.109740174	-9.843779479	94.673
-2.907475	5.627773942	-7.083678174	95.075
-2.81809	5.412656067	-4.603031798	96.117
-2.703168	4.5699027	-3.123291901	97.453
-2.56333	3.632115895	-2.444652315	98.617
-2.400134	2.478138172	-2.093585484	99.888
-2.216383	1.463404933	-1.816785202	100.995
-2.015036	0.768521702	-1.687434894	101.733
-1.798738	0.367796889	-1.461609334	102.209
-1.572164	0.893450065	-1.309649804	102.734
-1.338269	0.591011394	-1.061965817	103.119
-1.101106	0.428726689	-0.786819934	103.373
-0.8651888	0.215329749	-0.443010753	103.701
-0.6344096	0.109	0	103.955
-0.4126618	0.16381931	0.683457931	104.128
-0.2038403	0.414513683	1.72954105	104.226
-0.01261405	0.711799175	3.113397526	104.39
0.1577446	1.267157715	4.854473144	104.415
0.3036568	1.879821925	6.665465776	104.406
0.422471	2.606135028	8.427405084	104.267
0.5121679	3.267896098	9.845688294	104.078
0.5716536	4.965564182	10.80769255	103.701
0.5998378	5.406541223	10.92462367	103.299
0.5973473	5.664615338	10.27384601	102.824
0.5630878	5.802312933	9.357938799	102.381
0.500644	4.368292262	3.531876787	101.873
0.4115717	3.621423054	0.652269161	101.66
0.2954032	3.168028897	-0.437913308	101.75
0.1527633	2.572252764	-0.923241707	102.184
-0.01432683	2.186660314	-1.120019059	102.504
-0.2033728	1.957333033	-1.292000902	102.676
-0.4114165	1.668839862	-1.467480413	102.906
-0.63472	1.454886688	-1.641339937	103.062
-0.8697045	0.282019421	-1.766941736	103.193
-1.112318	0.199019739	-1.991940782	103.201
-1.358825	0.18896041	-2.24411877	103.127
-1.605021	0.292446305	-2.596661084	102.906
-1.845922	0.437007608	-3.023977176	102.619
-2.077947	0.662718914	-3.675843259	102.176
-2.296736	0.952475808	-4.453572575	101.627
-2.498084	0.453635881	-5.410092358	100.807
-2.678409	1.168077784	-6.392766649	99.765
-2.834441	1.773352632	-7.429942103	98.814
-2.96369	2.543953114	-8.415140657	97.715
-3.063196	3.225468029	-9.148595912	96.789
-3.131713	3.744675559	-9.657973324	96.1
-3.168463	4.005231311	-9.836306068	95.78
-3.173135	4.268999084	-9.585002748	95.6
-3.144327	4.492679496	-9.282961512	95.477
-3.083596	4.820270192	-6.995189424	95.912
-2.993122	4.82079805	-4.560605849	96.723
-2.874618	4.15823776	-3.152286719	97.855
-2.72855	3.121803192	-2.448590423	99.126
-2.556323	2.001073736	-2.096778791	100.364
-2.361048	1.166245374	-1.919263878	101.258
-2.146153	0.546053401	-1.715839796	101.946
-1.91444	0.080811849	-1.536564452	102.471
-1.67089	0.696486521	-1.360540438	102.914
-1.417843	0.344923118	-1.185230645	103.324
-1.161215	0.214997779	-0.912006664	103.545
-0.9041192	0.116201926	-0.689394221	103.718
-0.6520049	-0.03085607	-0.320568209	103.988
-0.4087687	-0.113928581	0.219214258	104.251
-0.1792348	-0.025917243	1.047248271	104.439
0.03285707	0.279175181	2.259525544	104.538
0.2233035	0.648415455	3.808246364	104.685
0.3885238	1.334418828	5.521256485	104.57
0.5246249	1.987078253	7.233234759	104.488
0.6300491	3.605580459	8.746741376	104.374
0.7026144	4.343962348	9.803887045	103.988
0.7415447	5.167856433	10.1365693	103.275
0.7477732	5.794039833	9.654119499	102.488
0.7189663	4.923421928	8.884265783	102.102
0.657923	3.763821307	4.20246392	101.701
0.5686936	3.047116475	0.822349424	101.291
0.4492567	2.61883609	-0.291491729	101.348
0.3008539	1.981827749	-0.801516754	101.815
0.1255121	1.817675286	-1.020974143	101.906
-0.07443514	1.523156412	-1.169530763	102.151
-0.2954032	1.120035284	-1.367894149	102.488
-0.5339685	0.972496242	-1.492511274	102.594
-0.7860828	0.906297757	-1.667106728	102.602
-1.046916	0.781333601	-1.795999196	102.684
-1.313043	0.755027591	-2.021917228	102.635
-1.579795	-0.149194434	-2.298583303	102.447
-1.841718	-0.003984108	-2.675952324	102.176
-2.095076	0.107592127	-3.178223619	101.897
-2.334888	0.437808705	-3.858573886	101.34
-2.55679	0.808189442	-4.691431673	100.692
-2.757203	1.357498955	-5.674503134	99.815
-2.931923	1.955283815	-6.686148554	98.88
-3.078301	1.603233424	-7.622299728	97.92
-3.193223	2.340699931	-8.433900207	96.912
-3.275601	2.793740882	-9.042777354	96.256
-3.322783	3.29094102	-9.19817694	95.707
-3.335553	3.46399109	-9.048026731	95.584
-3.312506	3.622614763	-8.746155711	95.526
-3.254734	3.964151858	-6.932544425	95.789
-3.164259	3.974322752	-4.592031743	96.559
-3.042485	3.443402953	-3.109791142	97.584
-2.890034	2.530782974	-2.502651077	98.699
-2.709864	1.549319633	-2.150041101	99.798
-2.503533	0.715558291	-1.969325127	100.692
-2.275246	1.143449797	-1.741650609	101.34
-2.028583	0.669641139	-1.588076582	101.865
-1.767283	0.301789064	-1.437632808	102.283
-1.496638	0.033285031	-1.259144908	102.611
-1.2193	-0.14657303	-1.060719091	102.857
-0.9419594	-0.415280762	-0.834842286	103.201
-0.6680445	-0.439514199	-0.514542597	103.332
-0.4031629	-0.440665074	-0.097995221	103.472
-0.1513609	0.565068493	0.558205479	103.685
0.08206411	0.618408451	1.555225352	103.964
0.2933782	0.922746419	2.909239256	104.111
0.4779084	1.575685189	4.550055567	104.005
0.6323845	2.18568978	6.28106934	103.972
0.7543139	2.730896759	7.769690277	103.923
0.8416736	3.378251288	8.898753865	103.652
0.8925953	3.897341985	9.472025954	103.324
0.9078552	4.226623372	9.205870115	102.906
0.8858994	4.395944589	8.507833767	102.504
0.8281265	3.553028354	4.725085062	102.086
0.7392093	2.69253052	1.06059156	101.725
0.6172799	2.200333492	-0.193999523	101.799
0.4637387	1.743977627	-0.72606712	102.078
0.280766	1.449109882	-0.947670353	102.299
0.0706973	1.128677706	-1.095966882	102.57
-0.1628848	0.940518454	-1.219444638	102.717
-0.415777	0.751085082	-1.343744755	102.865
-0.6843964	0.619615235	-1.567154296	102.922
-0.9639152	0.527317246	-1.670048262	102.98
-1.24982	0.599661085	-1.849016745	102.848
-1.536191	-0.517314636	-2.148943907	102.865
-1.81976	-0.412976308	-2.426928923	102.668
-2.094921	-0.243892245	-2.855676734	102.356
-2.356221	0.029630496	-3.436108511	101.889
-2.599303	0.384440243	-4.192679271	101.282
-2.820271	0.9581681	-5.0784957	100.413
-3.014611	1.449520734	-6.064437799	99.593
-3.178586	2.186287781	-7.028136656	98.535
-3.309859	1.718343312	-7.864970064	97.724
-3.405939	2.245115874	-8.525652378	96.977
-3.465269	2.691331459	-8.783005624	96.445
-3.486291	3.101379092	-8.659862725	96.076
-3.47103	3.161795035	-8.355614896	96.117
-3.41684	3.550086493	-7.118740522	96.141
-3.326833	3.601255894	-4.676232317	96.904
-3.202878	3.06488491	-3.16234527	97.945
-3.045912	2.35645912	-2.482622639	98.88
-2.8578	1.318361715	-2.176914856	100.02
-2.641502	0.558674725	-1.971975824	100.848
-2.400446	-0.004918614	-1.793755843	101.471
-2.139145	0.463707692	-1.665876924	102.045
-1.860716	0.227779514	-1.488661457	102.34
-1.571541	-0.114547257	-1.309641771	102.742
-1.274891	-0.195241506	-1.110724518	102.889
-0.9763741	-0.464227441	-0.933682324	103.217
-0.6808138	-0.603669441	-0.662008322	103.447
-0.3936641	-0.61198662	-0.293959861	103.578
-0.1200614	0.32057604	0.241728121	103.824
0.1354765	0.471926002	1.115778006	103.964
0.3679685	0.752387365	2.326162096	104.087
0.5727437	1.300482431	3.820447294	104.037
0.7463727	1.769807222	5.501421666	104.128
0.8857422	2.355956543	7.06186963	104.062
0.9880513	2.959967013	8.282901038	103.865
1.051587	3.501788328	8.999364983	103.562
1.076501	3.822226593	8.877679778	103.201
1.062644	3.958227916	8.154683747	102.824
1.009074	3.463428785	5.512286356	102.438
0.921247	2.485351196	1.252053588	101.996
0.7979171	2.116643987	0.02293196	101.955
0.640481	1.612389424	-0.604831729	102.25
0.4506572	1.293558458	-0.823324625	102.496
0.2309344	1.013952026	-0.948143922	102.734
-0.01448202	0.801659735	-1.120020796	102.889
-0.281701	0.587410476	-1.318768573	103.037
-0.5666704	0.545442617	-1.42067215	103.045
-0.8639435	0.462047925	-1.595856224	103.07
-1.168846	-0.523474367	-1.699423101	103.021
-1.476395	-0.475551847	-1.975655542	102.881
-1.781142	-0.420599523	-2.203798569	102.75
-2.078102	-0.334583781	-2.608751343	102.529
-2.361671	-0.108635561	-3.112906682	102.135
-2.626398	0.179747019	-3.795758942	101.619
-2.868233	0.566981322	-4.629056035	100.954
-3.08235	1.131282301	-5.642153096	100.052
-3.265323	1.892502604	-6.580492188	98.978
-3.41357	1.407404987	-7.471785039	98.166
-3.524444	1.538718844	-8.157843467	97.806
-3.596386	1.70673396	-8.490798121	97.527
-3.627842	2.041874578	-8.493376267	97.191
-3.619278	2.880356349	-8.191930954	97.453
-3.57007	3.143722789	-7.179831633	97.527
-3.481931	3.508275432	-4.808173703	97.953
-3.356419	3.029503575	-3.217489274	98.962
-3.195092	1.945261086	-2.486216743	100.29
-3.000285	1.014356516	-2.179930453	101.323
-2.774644	0.4100229	-2.000931301	101.987
-2.521597	-0.162303107	-1.84590932	102.611
-2.245814	0.283249266	-1.691252202	103.217
-1.951346	0.055482189	-1.513553434	103.504
-1.643484	-0.181558964	-1.336676891	103.8
-1.327215	-0.523048241	-1.158144723	104.201
-1.007674	-0.563971632	-0.959914895	104.308
-0.6904697	-0.80082883	-0.734486491	104.62
-0.3812071	-0.84936724	-0.41510172	104.775
-0.08455665	-0.900288015	0.023135956	104.972
0.1930942	0.269444953	0.679334858	105.021
0.4472316	0.401961953	1.766885858	105.251
0.6731829	0.785840445	3.140521335	105.325
0.8665894	1.239904748	4.748714244	105.407
1.023868	1.955116167	6.378348502	105.235
1.142217	2.499774113	7.739322338	105.144
1.220078	3.097657175	8.671971524	104.857
1.255581	3.439352593	8.788057778	104.554
1.24982	3.55280333	8.045409989	104.193
1.202481	3.248922034	6.125766103	103.857
1.116679	2.204040514	1.539121543	103.373
0.9931915	1.76384005	0.119520151	103.34
0.832487	1.333042347	-0.50687296	103.562
0.636588	1.071054314	-0.701837058	103.759
0.4083013	0.785240864	-0.872277409	103.988
0.1516732	0.49776443	-1.020706709	104.226
-0.1294051	0.391226847	-1.193319458	104.275
-0.4297915	0.365424325	-1.369727024	104.242
-0.7448151	0.273452844	-1.495641469	104.292
-1.06856	-0.694259732	-1.671779195	104.201
-1.396822	-0.672728232	-1.901184695	104.103
-1.723057	-0.584794707	-2.129384121	103.939
-2.041663	-0.513876591	-2.408629774	103.775
-2.347189	-0.280358148	-2.839074444	103.398
-2.634495	-0.064179029	-3.495537086	102.963
-2.89782	0.346635519	-4.255093443	102.299
-3.132648	0.837354781	-5.191935656	101.496
-3.33493	0.466653473	-6.208039581	100.528
-3.500618	1.095327673	-7.175016982	99.577
-3.627687	1.710262893	-7.865211322	98.732
-3.713022	2.148023309	-8.273930073	98.158
-3.755845	2.515001364	-8.303995908	97.781
-3.755689	2.690273616	-8.000179151	97.707
-3.711932	2.966969603	-7.41609119	97.625
-3.626285	3.332468788	-4.966593635	98.076
-3.500462	2.863311076	-3.299066773	99.101
-3.336488	2.075353369	-2.563939894	100.134
-3.135451	1.126848709	-2.283453872	101.176
-2.90109	0.335202303	-2.003393092	102.061
-2.636831	0.698005294	-1.847984117	102.75
-2.347501	0.322925994	-1.719222017	103.168
-2.037148	0.04719516	-1.538414521	103.504
-1.711378	-0.25485658	-1.337569741	103.873
-1.375177	-0.515910675	-1.184732024	104.185
-1.035237	-0.604844345	-0.983533034	104.341
-0.6962307	-0.709842838	-0.734528515	104.529
-0.3643878	-0.833670612	-0.464011835	104.743
-0.04547112	-0.031274353	-0.048823059	105.079
0.2549153	0.638402365	0.484207095	104.587
0.531476	1.510354443	1.354063329	104.005
0.7789175	1.591536594	2.581609781	104.333
0.9928793	0.865469142	4.165407426	104.587
1.169156	1.735918731	5.792756192	104.259
1.304167	2.360843647	7.24753094	104.119
1.396665	2.840290212	8.415870636	104.029
1.444627	2.870118136	8.700354408	103.094
1.448364	3.309442848	8.077328545	102.447
1.407566	3.017487056	6.928461169	102.356
1.324722	1.911735266	2.111205799	101.856
1.201703	1.613727052	0.383181157	101.578
1.038973	1.078313722	-0.338058833	101.873
0.8377805	0.587430666	-0.580708002	102.283
0.6018629	0.433144477	-0.773566569	102.373
0.3343336	0.318024914	-0.872925258	102.455
0.04111061	-0.00187253	-1.070617591	102.709
-0.2751602	-0.026975504	-1.292926513	102.66
-0.6070032	0.061618682	-1.372143953	102.545
-0.9503682	-0.021407875	-1.597223625	102.553
-1.298406	-0.146483777	-1.77445133	102.619
-1.645819	0.015348641	-1.978954078	102.389
-1.986538	0.151596119	-2.284211642	102.151
-2.314643	-0.786482814	-2.638448441	101.971
-2.624217	-0.545990935	-3.170972806	101.553
-2.909344	-0.143222024	-3.906666072	100.905
-3.165817	0.216607275	-4.894178176	100.216
-3.387875	0.787617144	-5.911148569	99.306
-3.572405	1.482606233	-6.8261813	98.306
-3.715669	2.006274249	-7.592177252	97.527
-3.815642	1.630845469	-8.079463593	96.74
-3.8703	2.029741251	-8.211776247	96.297
-3.880111	2.32697398	-7.959078061	96.084
-3.842582	2.504071189	-7.526786432	96.051
-3.760517	2.821697457	-5.17290763	96.518
-3.636095	2.607167047	-3.428498859	97.314
-3.469629	1.705420742	-2.617737775	98.486
-3.26361	0.749859814	-2.262420559	99.56
-3.021775	0.989660464	-2.056018609	100.389
-2.74677	0.418631581	-1.900105258	101.012
-2.444204	-0.069844593	-1.694533779	101.569
-2.118901	-0.248346976	-1.516040929	101.807
-1.775379	-0.590693008	-1.388079025	102.192
-1.420491	-0.850902109	-1.208706326	102.512
-1.059528	-0.940575669	-1.009727008	102.668
-0.6990336	-1.111230268	-0.783690803	102.914
-0.3444551	-0.325230882	-0.489692647	103.226
-0.002802909	-0.367096884	-0.123290653	103.39
0.3203191	-0.336348337	0.337954988	103.513
0.619303	-0.209042418	1.061872747	103.627
0.8888574	0.101603058	2.191809173	103.693
1.12353	0.334709338	3.629128014	103.939
1.319427	0.925458372	5.302375116	103.906
1.472345	1.614377629	6.901132888	103.75
1.58026	3.15645316	8.233359481	103.652
1.640836	3.664923932	8.849771796	103.349
1.654695	3.931949192	8.393847577	102.93
1.621371	3.908099181	7.512297544	102.66
1.542575	2.767451619	2.440354856	102.11
1.421425	2.170478726	0.430436179	102.037
1.257295	1.839358531	-0.169924407	102.168
1.051897	1.481136431	-0.434590706	102.438
0.8089716	1.137731308	-0.603806075	102.725
0.5321006	0.97344744	-0.799657679	102.824
0.2257961	0.883247521	-0.971257438	102.857
-0.1043341	0.858610833	-1.1441675	102.824
-0.4529946	-0.297739824	-1.295219472	102.93
-0.8147346	-0.225661396	-1.519984188	102.783
-1.183015	-0.2108908	-1.6736724	102.717
-1.551608	-0.197695641	-1.904086923	102.627
-1.914595	-0.45398419	-2.156952569	102.799
-2.264813	-0.999147827	-2.487443481	103.234
-2.596811	-0.848734613	-2.996203838	102.914
-2.904516	-0.462131976	-3.729395928	102.283
-3.18279	-0.396952197	-4.592856592	101.93
-3.42556	-0.154155187	-5.61046556	101.348
-3.629399	0.333896776	-6.630309672	100.52
-3.789948	1.053340363	-7.498978912	99.511
-3.905649	1.422516938	-8.062449185	98.954
-3.973232	1.608103704	-8.294688888	98.691
-3.992697	2.142252361	-8.093242918	98.224
-3.96311	2.433413025	-7.711760926	98.06
-3.886028	2.913321895	-5.510034314	98.314
-3.763008	2.735130092	-3.584609725	99.134
-3.595607	1.956671882	-2.745984354	100.192
-3.385851	1.961216524	-2.363350428	101.315
-3.136697	0.95511846	-2.108644621	102.406
-2.852505	0.433979792	-1.902060625	102.996
-2.537637	0.067861366	-1.722415901	103.422
-2.197696	-0.381361478	-1.567084433	103.923
-1.837045	-0.542254631	-1.362763892	104.152
-1.463937	-0.778074702	-1.209224106	104.439
-1.082887	-0.949653466	-1.009960397	104.677
-0.7005912	-0.038474868	-0.760424605	104.849
-0.3239017	-0.169608219	-0.463824657	105.079
0.04064314	-0.301781355	-0.146344064	105.317
0.3872785	-0.246424011	0.337727968	105.423
0.7091551	-0.176619943	0.844140172	105.522
1.000978	-0.036685728	1.779942816	105.694
1.257295	0.335901433	3.167704299	105.784
1.473125	0.84430226	4.863906779	105.841
1.644574	2.496359206	6.601077617	105.768
1.768996	3.093821437	8.09646431	105.669
1.843586	3.615308116	8.997924349	105.448
1.86819	3.85517893	8.73353679	105.12
1.843119	3.996821829	7.805465487	104.669
1.769929	2.792975573	2.840926719	104.218
1.651737	2.274716783	0.596150349	103.988
1.48745	1.84556586	-0.02530242	104.21
1.279096	1.511646034	-0.289061899	104.456
1.029942	1.251004857	-0.482985429	104.652
0.7443476	1.103956129	-0.678131613	104.734
0.4266763	1.054769593	-0.897691222	104.71
0.08206411	-0.092726318	-1.070178955	104.8
-0.2824788	-0.068966883	-1.220900649	104.726
-0.6622835	-0.144007615	-1.422022845	104.734
-1.050342	-0.112721522	-1.622164567	104.636
-1.440268	-0.057996867	-1.802990601	104.521
-1.824588	0.021624601	-2.032126196	104.365
-2.197852	0.067644284	-2.386067148	104.201
-2.552897	-0.666479874	-2.818439622	103.791
-2.883338	-0.313076439	-3.480229317	103.217
-3.183413	0.006178249	-4.391465253	102.594
-3.447517	0.567730425	-5.385808724	101.701
-3.671133	0.310475423	-6.454573732	100.602
-3.850212	0.938567015	-7.375298954	99.667
-3.981797	1.470462193	-8.01761342	98.921
-4.063862	1.899837345	-8.403487966	98.363
-4.09376	2.236852486	-8.229442543	98.084
-4.073828	2.469975712	-7.899072864	97.961
-4.002508	3.120889501	-5.970331498	97.953
-3.881979	3.101161103	-3.815516692	98.691
-3.714735	2.217747963	-2.799756111	99.913
-3.502019	1.246494592	-2.416516223	101.012
-3.246948	0.283411445	-2.134765664	102.069
-2.95388	-0.378459815	-1.930379444	102.799
-2.62811	-0.703553183	-1.747659549	103.185
-2.274	-0.126632167	-1.591896502	103.66
-1.898089	-0.395250875	-1.389752624	103.996
-1.505827	-0.705419627	-1.18625888	104.374
-1.105155	-0.851071218	-0.984213654	104.587
-0.7016814	-0.973477613	-0.760432838	104.784
-0.3028789	-1.226892045	-0.512676134	105.12
0.08471184	-0.596314094	-0.171942282	104.603
0.4540828	0.172636594	0.265909783	103.98
0.7991624	0.004987912	0.794963735	104.324
1.113408	0.014143272	1.587429815	104.579
1.391682	0.5265815	2.803744499	104.472
1.628222	1.362154774	4.497464321	104.201
1.818981	2.545007445	6.375022335	103.644
1.960532	3.279450355	8.035351066	103.463
2.049917	3.681285333	9.192855999	103.447
2.086355	4.123528393	9.21458518	103.012
2.070783	4.248250945	8.262752834	102.57
2.003978	2.974680982	3.335042945	102.201
1.8889	2.281076976	0.786230927	102.045
1.725705	2.001117789	0.141353366	102.11
1.515326	1.658527002	-0.121418995	102.365
1.261499	1.349958842	-0.360123473	102.594
0.9671856	1.170271841	-0.506184478	102.725
0.6392357	0.040241428	-0.773275715	102.766
0.2818561	-0.09210823	-0.996324691	102.824
-0.0985712	-0.04236721	-1.144101631	102.725
-0.4962835	-0.093274026	-1.344822078	102.709
-0.9031843	-0.127519911	-1.570559733	102.668
-1.313666	0.017908063	-1.725275812	102.471
-1.719944	0.120867591	-1.980397226	102.283
-2.115787	0.068762694	-2.310711918	102.225
-2.493723	-0.730694716	-2.693084147	101.897
-2.847367	-0.393404928	-3.352214785	101.34
-3.170177	-0.091168972	-4.242506917	100.741
-3.45577	0.398103141	-5.258690576	99.913
-3.700253	0.113721237	-6.357836288	98.831
-3.898486	0.791325475	-7.328023575	97.83
-4.047044	1.427934397	-8.12419681	96.928
-4.143747	1.91380474	-8.511585779	96.313
-4.186415	2.175562376	-8.488312872	96.059
-4.176293	2.433516827	-8.08344952	95.936
-4.111513	3.115230119	-6.356309644	95.83
-3.995033	3.13826216	-4.14821352	96.543
-3.828878	2.314161192	-3.005516425	97.748
-3.614139	1.278767028	-2.469698915	98.962
-3.354707	0.421043362	-2.237869913	99.897
-3.053698	-0.189965014	-1.979895043	100.594
-2.717339	-0.78576896	-1.79930688	101.25
-2.350148	-0.175676799	-1.643030397	101.692
-1.959132	-0.453114332	-1.440342995	102.037
-1.549428	-0.770108423	-1.236325269	102.422
-1.129293	-0.875149542	-0.984448627	102.611
-0.7051069	-1.037486235	-0.760458705	102.848
-0.2843468	-1.177133104	-0.489399311	103.078
0.1256673	-1.326044089	-0.123132266	103.349
0.5191742	-0.327421364	0.265735909	103.48
0.8871446	-0.20037004	0.745889879	103.513
1.224436	-0.247178867	1.3674634	103.767
1.525135	0.076652646	2.584957938	103.849
1.783321	1.574474088	4.273422264	103.914
1.993545	2.199067152	6.147201455	103.914
2.153159	2.871810489	7.994431468	103.857
2.258428	3.50836102	9.364083059	103.677
2.30779	3.96266227	9.667986809	103.324
2.302964	4.080537818	8.767613455	102.906
2.243011	3.154024645	4.635073935	102.455
2.132293	2.25932984	1.188989521	102.201
1.970499	1.916125925	0.405377776	102.283
1.758872	1.534121047	0.093363142	102.561
1.500999	1.167885724	-0.240342827	102.816
1.200145	1.038353472	-0.433939585	102.881
0.8622289	0.891351575	-0.628945274	102.963
0.4923905	-0.173658974	-0.799976923	102.971
0.09701361	-0.174723843	-0.998171528	102.906
-0.317361	-0.166838353	-1.244515058	102.816
-0.7432594	-0.217151649	-1.446454948	102.799
-1.173672	-0.136839286	-1.673517857	102.643
-1.602685	-0.001014871	-1.905044614	102.43
-2.020953	-0.036734521	-2.159203563	102.381
-2.421779	-0.697850472	-2.567551417	102.906
-2.798625	-0.908708375	-3.200125126	102.906
-3.144171	-0.073646077	-4.063938232	101.783
-3.452189	0.062621213	-5.083136362	101.307
-3.717849	-0.230022786	-6.207068357	101.225
-3.935703	0.427551918	-7.357344246	100.184
-4.102481	1.564557092	-8.179328724	98.773
-4.215067	1.90195628	-8.61913116	98.289
-4.271594	2.103474045	-8.725577865	98.052
-4.272061	2.625191766	-8.294424702	97.674
-4.214912	3.329490925	-6.868527225	97.445
-4.103727	3.494122123	-4.430633631	98.093
-3.939441	2.745287572	-3.086137285	99.29
-3.724701	1.752135106	-2.549594681	100.462
-3.461376	0.723245656	-2.216263032	101.602
-3.154138	-0.010608241	-1.981824723	102.414
-2.807657	-0.565296329	-1.800888986	103.029
-2.429099	-0.03786868	-1.670606039	103.545
-2.023133	-0.3796807	-1.415042099	103.972
-1.596922	-0.450602997	-1.210808991	104.111
-1.158257	-0.736904483	-1.010713449	104.464
-0.7133605	-0.915267434	-0.783802303	104.718
-0.271112	-1.112111575	-0.489334724	105.013
0.1619499	-1.302029178	-0.123087534	105.325
0.5778821	-1.139985661	0.240043018	105.284
0.969521	-0.102207436	0.722377691	105.407
1.330173	-0.116320805	1.295037585	105.612
1.653295	0.100958792	2.414876376	105.768
1.933126	0.672377795	4.030133386	105.735
2.163905	2.245221426	5.970664279	105.809
2.341738	2.969858074	8.144574222	105.809
2.463202	3.67648543	9.820456291	105.661
2.526735	4.362014075	10.50004222	105.202
2.532186	4.446604736	9.670814207	104.841
2.480642	3.463069321	5.097207963	104.3
2.375685	2.509866501	1.376599502	104.013
2.217005	2.085762055	0.497286165	104.144
2.005536	1.852373401	0.166120202	104.267
1.744235	1.518604614	-0.073186158	104.521
1.437465	1.217767483	-0.336697552	104.734
1.090985	0.013393315	-0.553820056	104.866
0.7093104	-0.051925985	-0.749777956	104.866
0.3002312	-0.027292713	-0.921878139	104.784
-0.1303381	-0.01906136	-1.170184079	104.693
-0.5750791	-0.070596979	-1.420790937	104.661
-1.025893	0.042760026	-1.647719921	104.472
-1.475616	0.170793709	-1.803618873	104.292
-1.916464	0.225581278	-2.107256167	104.136
-2.340182	-0.737758908	-2.489276723	103.972
-2.740386	-0.391761722	-3.074285167	103.431
-3.109134	-0.05569521	-3.93808563	102.807
-3.440198	0.390615016	-5.008154952	102.004
-3.727659	0.081781519	-6.207655444	100.913
-3.966069	0.821736585	-7.332790245	99.798
-4.151222	1.521395852	-8.284812443	98.781
-4.280782	2.07725684	-8.92722948	98.011
-4.351791	2.663330602	-9.137008193	97.355
-4.363781	2.978860898	-8.757417306	97.166
-4.316287	3.549656849	-7.612029454	96.977
-4.210707	3.931910298	-4.815269107	97.527
-4.050626	3.292391595	-3.265825216	98.683
-3.835886	2.119332026	-2.627003921	100.069
-3.570225	1.107640028	-2.293079916	101.192
-3.257848	0.324090018	-2.060729947	102.053
-2.903426	-0.369404925	-1.879214776	102.807
-2.513811	-0.964228384	-1.695685151	103.463
-2.093831	-1.216748615	-1.442245844	103.8
-1.65205	-0.484524884	-1.237574652	104.136
-1.195162	-0.645824943	-1.034474829	104.365
-0.7306454	-0.784312274	-0.783936822	104.587
-0.2675293	-0.997142256	-0.561426769	104.874
0.1878006	-0.22770954	-0.14612862	105.243
0.6264665	-0.180681962	0.216954113	105.317
1.041776	-0.175578171	0.625265488	105.448
1.425318	-0.222772111	1.245683666	105.702
1.771331	-0.061513081	2.245460757	105.874
2.073275	0.475809221	3.785427664	105.85
2.32492	1.718057116	5.913171349	105.317
2.522064	3.09847716	8.05943148	104.652
2.660501	3.717698965	9.893096896	104.644
2.738827	4.220327681	10.76198304	104.431
2.756892	5.342163661	10.21549098	103.127
2.714379	5.04482186	6.14946558	102.069
2.61612	2.651634512	1.750903536	101.996
2.461332	2.084165226	0.711495678	102.217
2.250797	2.121469959	0.331409876	102.053
1.987471	1.706552326	0.022656978	102.365
1.675873	0.273598639	-0.169204084	102.734
1.321607	0.24347931	-0.48156207	102.66
0.9293454	0.227377441	-0.676867676	102.611
0.5065621	0.064343236	-0.919970292	102.693
0.0602635	0.071938749	-1.119183752	102.619
-0.4019176	0.201551046	-1.369346862	102.406
-0.8723522	0.077003578	-1.595989266	102.455
-1.342787	0.156580673	-1.801257982	102.307
-1.805746	-0.625094652	-2.055283956	102.004
-2.253289	-0.555541691	-2.413625073	101.815
-2.676384	-0.413718461	-2.972155382	101.487
-3.068646	0.052060741	-3.761817778	100.758
-3.423225	-0.532784562	-4.829353687	99.987
-3.732799	-0.039691228	-6.080073683	99.077
-3.99223	0.805121535	-7.334635396	97.814
-4.19716	1.576278132	-8.390165604	96.691
-4.34416	2.295553325	-9.136340025	95.723
-4.430431	2.675108716	-9.449673851	95.239
-4.455657	3.054356017	-9.172931949	94.952
-4.417973	3.753322861	-8.306031417	94.542
-4.320179	4.302517395	-5.404447814	94.96
-4.164147	3.756481608	-3.523555176	96.133
-3.95112	2.544530716	-2.755407853	97.601
-3.684213	1.385076666	-2.420770002	98.872
-3.367321	0.487546746	-2.113359762	99.872
-3.006046	-0.237966691	-1.904900072	100.667
-2.605999	-0.776521413	-1.723564238	101.266
-2.17356	-0.142617463	-1.516852388	101.701
-1.716673	-0.33633329	-1.28799987	101.971
-1.242813	-0.588456385	-1.084369156	102.291
-0.7596094	-0.783778052	-0.833334157	102.57
-0.2751602	-0.996741847	-0.587225541	102.865
0.2022827	-0.168936539	-0.194809617	103.168
0.6639963	-0.20386854	0.16839438	103.324
1.102197	-0.175172848	0.599481455	103.439
1.509875	-0.197171385	1.148485846	103.644
1.878779	-0.174578558	2.026264326	103.914
2.203146	0.296874048	3.614622143	103.972
2.476281	0.973652117	5.620956351	103.964
2.693358	1.653942627	7.832827882	104.021
2.85017	3.49078746	9.85136238	103.857
2.944225	4.226383025	10.95114907	103.488
2.974747	4.606536036	10.66360811	103.012
2.943135	3.911035173	7.15210552	102.537
2.852037	2.686645681	2.125937043	102.086
2.7027	2.130557813	0.87467344	102.225
2.494033	1.782640408	0.520921224	102.455
2.229774	1.50778035	0.18834105	102.619
1.914283	1.305602403	-0.025192791	102.75
1.552854	1.046313057	-0.35906083	102.898
1.151248	0.965505791	-0.553482626	102.914
0.7160063	0.884289983	-0.821130051	102.906
0.2549153	-0.042648829	-1.093946486	102.742
-0.2245508	0.005268201	-1.220195398	102.652
-0.7139831	-0.036394581	-1.495183742	102.602
-1.205441	-1.014679273	-1.70003782	102.512
-1.690512	-1.264483475	-2.029450424	102.652
-2.160791	-1.940195333	-2.361586	103.217
-2.6074	-1.642764201	-2.846292604	102.758
-3.023487	-1.175051384	-3.633154152	102.028
-3.400955	-0.655682588	-4.730047765	102.143
-3.733577	-0.269713283	-6.056139848	101.315
-4.014654	0.721594342	-7.336216975	99.897
-4.239827	1.188230456	-8.570308631	99.019
-4.405359	1.895820043	-9.47153987	98.011
-4.508135	2.650708806	-9.888873581	97.117
-4.545976	3.144548121	-9.637355636	96.707
-4.520126	3.610473603	-9.076579192	96.428
-4.430742	4.186695151	-5.994914548	96.879
-4.280159	3.432321402	-3.806035795	98.363
-4.069935	2.254712399	-2.886862802	99.847
-3.802717	2.088267215	-2.450198354	101.159
-3.482709	0.83709333	-2.21672001	102.488
-3.11474	0.104644067	-1.981067798	103.299
-2.705505	-0.360078576	-1.725235729	103.849
-2.261542	-0.69193257	-1.54179771	104.242
-1.790329	-1.075202666	-1.338607997	104.693
-1.299651	-1.360332024	-1.110996071	105.054
-0.7976049	-1.522279794	-0.882839381	105.292
-0.2929126	-0.792504527	-0.610513581	105.653
0.2060186	-1.047711717	-0.269135151	106.022
0.6909353	-0.974845113	0.048464661	106.055
1.151871	-0.840273217	0.59918035	106.104
1.582908	0.145554657	1.19566397	106.317
1.975792	0.103701721	1.931105163	106.604
2.322585	0.509845341	3.419536022	106.694
2.6183	1.120876688	5.327630065	106.719
2.855775	2.948481567	7.465444702	106.604
3.03174	3.70900677	9.54902031	106.538
3.14308	4.382196371	10.95358911	106.333
3.188239	4.913494022	10.94848206	105.8
3.168151	4.453429645	8.242288934	105.358
3.085307	3.216296569	2.685889707	104.743
2.94189	2.46168538	1.037056139	104.948
2.736492	2.279169011	0.684507033	105.013
2.472545	1.366219353	0.33065806	104.808
2.153939	1.181539499	0.022618497	104.89
1.786748	0.766118139	-0.239645584	105.218
1.376265	0.808968814	-0.504093558	105.087
0.9291902	0.826511555	-0.796465335	104.972
0.4539276	-0.206818993	-0.920456979	104.964
-0.04126579	-0.149423011	-1.192269034	104.816
-0.5492303	-0.09447526	-1.420425779	104.685
-1.061241	-0.096219377	-1.671658132	104.603
-1.567648	-0.984621968	-1.927865903	104.406
-2.060662	-0.759219226	-2.259657679	104.07
-2.531096	-0.609700858	-2.744102574	103.759
-2.971009	-0.329933759	-3.530801276	103.217
-3.372148	-0.858761755	-4.601285266	102.389
-3.727815	-0.251988007	-5.879964021	101.356
-4.031161	0.574129085	-7.286612744	100.061
-4.277356	1.424239071	-8.624282787	98.765
-4.461886	2.220188382	-9.656434855	97.625
-4.581481	2.834275183	-10.17517445	96.838
-4.634581	3.342616031	-10.02715191	96.379
-4.621033	3.848340887	-9.517977339	96.043
-4.540837	4.841464282	-6.637607154	96.01
-4.540837	4.841464282	-6.637607154	96.01
