0	103.701	0	0
0	103.7820192	0.048057641	-0.065
0.001419399	103.6830573	0.144171821	0.066
0.005681479	103.8541867	1.173560016	0.238
0.01136296	104.4097835	3.161350584	0.345
0.01957062	104.8696455	5.818936463	0.771
0.0304598	106.3085445	8.809633473	1.329
0.04576834	107.1705456	13.14163677	1.911
0.06202443	107.7510866	17.66425978	2.838
0.07922615	108.011372	21.34611598	3.805
0.09500847	107.3013736	25.26712068	4.822
0.1090549	107.3110993	28.37129783	5.847
0.119946	107.1645477	30.80864316	6.806
0.1279944	107.3349903	32.67297097	7.257
0.1324138	107.1466363	33.43690882	7.7
0.1344643	106.8989831	33.50694935	7.971
0.1347808	106.6153874	33.14816207	8.135
0.1320973	106.1225556	32.38366672	8.373
0.1262586	105.8790459	31.38013757	8.282
0.1167888	105.595707	30.23612107	8.184
0.1044782	104.7001444	27.03343334	8.012
0.09343179	103.9444051	22.99321526	7.421
0.08175233	103.2306401	19.52592027	6.979
0.06912725	102.5520477	15.89114314	6.446
0.05555267	101.6664683	11.60840493	5.904
0.04245381	100.8058543	7.109562911	5.265
0.02888118	100.178584	3.112752093	4.56
0.01436098	99.55663865	-0.574084052	3.953
-0.002526181	99.07859748	-3.928207546	3.313
-0.01988518	98.0800442	-8.669867394	2.731
-0.035984	97.40868225	-12.40595326	2.157
-0.05302843	97.12473709	-14.73378874	1.665
-0.07354661	96.52692335	-16.79722995	1.575
-0.09437935	95.60375647	-20.10973059	1.394
-0.113317	94.64623477	-23.27629568	1.296
-0.1309925	93.58910089	-25.51169733	1.608
-0.1475651	92.587193	-27.31442099	2.009
-0.1622425	91.4657431	-28.78277071	2.641
-0.1751841	90.47405522	-29.93683434	3.248
-0.1857587	89.39036075	-30.82691774	4.035
-0.1933334	88.61233234	-31.07000297	4.732
-0.1982265	88.08857114	-31.31228659	5.175
-0.1991722	87.65183128	-30.97550617	5.724
-0.1961741	87.48205678	-30.25482966	6.134
-0.1887568	87.33900058	-29.65199826	6.478
-0.1759725	87.1946364	-29.00209079	6.839
-0.1575086	87.66937923	-26.7648623	7.11
-0.1395166	88.4145315	-21.62840549	8.077
-0.122944	88.7796135	-17.28415951	9.16
-0.1065307	89.14343841	-12.84768478	10.275
-0.09027455	89.59730167	-8.486095002	11.275
-0.07370389	89.95479141	-4.386625771	12.284
-0.05650023	90.5074076	-0.022777213	13.186
-0.03866746	90.85074795	3.689243846	14.08
-0.0200444	91.27280833	7.784424989	15.023
-0.0020524	91.85881651	11.90344954	15.81
0.01530854	92.19888361	15.85165083	16.786
0.03093358	92.59893603	19.48780809	17.598
0.04545378	92.917146	23.24443799	18.532
0.05886719	93.13726042	25.77678125	19.156
0.07117771	93.33044059	27.85632177	19.656
0.08254067	93.44393807	29.72081422	20.164
0.09216773	93.60563455	31.58290364	20.623
0.09879677	93.53717081	32.63451242	21.042
0.1038472	93.52840465	33.46921394	21.329
0.1057423	93.33919539	33.51658618	21.534
0.1055831	93.12962029	33.20586088	21.64
0.1021113	92.84979929	32.48939786	21.681
0.09611331	92.69464191	31.60692573	21.542
0.08569791	92.38786105	30.38958316	21.443
0.07259905	91.53402013	27.04206039	21.181
0.06028853	90.64735449	22.93006348	20.697
0.0484518	89.77644376	18.67033128	20.148
0.03677234	88.9720452	14.46013561	19.549
0.02430454	88.33462605	10.63087815	18.91
0.0104154	87.60599125	6.992973761	18.426
-0.005681479	87.09902388	3.30607164	17.704
-0.0231997	86.2895205	-0.670438497	17.188
-0.04134898	85.61479618	-4.959611448	16.433
-0.05918369	84.95685515	-9.465434544	15.589
-0.07764947	84.64220703	-12.67437892	14.834
-0.09816571	84.38175062	-15.00374814	14.318
-0.119946	83.70076097	-18.89171708	13.703
-0.1395166	83.1370114	-23.01896581	12.891
-0.1560873	82.73537074	-25.99688777	12.3
-0.1718696	82.53717189	-27.99248434	11.833
-0.1870209	82.23147839	-29.91756482	11.497
-0.2007508	81.95620521	-31.40938437	11.275
-0.212273	81.57722862	-32.34831414	11.341
-0.2222146	81.09734478	-32.92696566	11.628
-0.2297912	80.69840423	-33.3857873	11.874
-0.2337368	80.40257199	-33.36428403	12.177
-0.2343678	80.14456286	-32.95631143	12.571
-0.2307368	80.05735451	-32.25793647	12.891
-0.2226884	79.98803297	-31.67990109	13.153
-0.2089584	79.91826839	-31.10019482	13.416
-0.1890733	80.38207321	-28.47878037	13.826
-0.170291	81.03072608	-23.38582176	14.875
-0.1526155	81.44328159	-18.72815524	16.015
-0.1347808	81.88881352	-14.14555944	17.097
-0.1172625	82.1794833	-9.754550098	18.27
-0.09879677	82.60700532	-5.321984039	19.32
-0.08033293	82.93860546	-0.982183626	20.435
-0.06123609	83.34734451	2.827033519	21.296
-0.0411917	83.94788928	7.211667838	22.157
-0.0217803	84.44941671	11.52125013	23.092
-0.00268346	84.89712757	15.5433827	23.985
0.0145202	85.45043257	19.5162977	24.756
0.03061708	85.81823839	23.05571516	25.568
0.04482077	86.10951663	25.97254989	26.249
0.05839536	86.24469816	28.19609448	26.855
0.07007287	86.48501989	30.36905966	27.339
0.08017371	86.6641273	32.11238191	27.741
0.08775031	86.84819539	33.42658617	27.995
0.09248423	86.80591258	34.33473775	28.34
0.09437741	86.72328086	34.40484259	28.446
0.09437741	86.49667213	34.04601638	28.553
0.09122211	86.2578035	33.3774105	28.569
0.08411929	86.0051622	32.42448661	28.504
0.07338739	85.72198552	31.27795656	28.405
0.06107687	84.61448557	27.07045671	28.11
0.04939935	83.8488059	23.0994177	27.552
0.0377199	82.96877694	18.98333083	27.06
0.02588316	82.27536897	15.15710691	26.478
0.01231052	81.67848588	11.39845764	25.822
-0.00331452	80.99078595	7.76035786	25.297
-0.02083274	80.09575769	3.281273069	24.699
-0.0380364	79.57256362	-0.526309137	23.953
-0.05744779	78.80850178	-5.008494648	23.223
-0.07670191	78.19842922	-9.274712334	22.411
-0.09642981	77.9628485	-12.29445451	21.64
-0.1185247	77.691098	-15.077706	20.984
-0.1417263	77.04494114	-19.23017658	20.246
-0.161926	76.62606797	-23.26479608	19.32
-0.1797608	76.40448011	-26.26655968	18.541
-0.1963314	76.09547782	-28.79256655	18.008
-0.2117992	76.09434732	-30.76395804	17.352
-0.2260029	75.92497343	-32.16007972	17.056
-0.2381561	75.71736905	-33.12489285	16.942
-0.2484142	75.55825656	-33.80023032	16.876
-0.2556743	75.29707889	-34.09176334	17.04
-0.2604083	75.02687338	-34.16437986	17.286
-0.2610393	74.91689879	-33.75630362	17.532
-0.2574102	74.7976405	-33.1540785	17.852
-0.2493598	74.83439398	-32.57581807	18.008
-0.2351561	74.77422242	-31.97033275	18.27
-0.2151137	75.29587818	-29.37336547	18.614
-0.1947547	75.92135334	-24.64093999	19.566
-0.1756579	76.29934196	-19.66997411	20.845
-0.1575086	76.63914103	-15.08357691	22.034
-0.1384118	76.88801818	-10.47594545	23.321
-0.1194722	77.225906	-6.04228199	24.461
-0.1000608	77.58859164	-1.486225092	25.617
-0.07985915	77.98107458	2.39722375	26.519
-0.05902641	78.44149496	6.805484888	27.528
-0.03898202	78.95176719	11.23730157	28.495
-0.01925412	79.44687402	15.30562206	29.356
-0.00110484	79.97344919	19.51934757	30.234
0.01515126	80.23870516	22.65211548	31.013
0.03124814	80.72604918	25.76114755	31.562
0.04545378	80.94791521	28.19974563	32.153
0.05839536	81.15522278	30.46866835	32.702
0.06912725	81.39372782	32.09318347	33.005
0.07749025	81.50936202	33.57408607	33.383
0.08269989	81.63906384	34.57819151	33.588
0.08475035	81.54700216	34.71900647	33.727
0.08459307	81.27139824	34.36019472	33.883
0.08127855	81.14752598	33.64357794	33.768
0.07480873	80.81336527	32.66509582	33.776
0.06391761	80.54701902	31.52105705	33.661
0.05144981	79.55355646	27.26266939	33.235
0.04008685	78.6891729	23.36451871	32.8
0.02825012	77.84712521	19.53637562	32.366
0.01467748	77.28153791	15.97061372	31.743
-0.00110484	76.49746464	12.16639391	31.259
-0.01736094	75.56540509	7.402215282	30.603
-0.03361704	74.87423269	3.114698069	29.865
-0.05144981	74.30189278	-0.645321667	29.184
-0.07133693	73.60033138	-4.913005846	28.463
-0.09090561	73.00658544	-9.253243672	27.61
-0.1115811	72.78633978	-12.15198065	26.864
-0.1350973	72.53762666	-14.84212002	26.216
-0.1592445	71.95890948	-19.13727155	25.363
-0.1805491	71.41857785	-23.31726646	24.51
-0.1994887	71.29565335	-26.36803994	23.616
-0.2174807	71.28973904	-28.91778287	22.772
-0.2340513	71.12401344	-30.81895967	22.304
-0.2485715	71.06171596	-32.38285212	21.845
-0.2615131	71.07721295	-33.46736114	21.468
-0.2720877	70.99148385	-34.21654844	21.304
-0.2799789	70.85320118	-34.50839646	21.345
-0.2848701	70.72157516	-34.55827452	21.46
-0.2858176	70.64498725	-34.17303824	21.665
-0.2823458	70.56637537	-33.54787388	21.952
-0.2744547	70.36610614	-33.01768159	22.329
-0.260251	70.42933633	-32.48299102	22.444
-0.2402066	70.82857801	-29.95626598	22.887
-0.2190593	71.359676	-25.48597201	23.846
-0.1983838	71.7804708	-20.68058759	25.027
-0.1781821	72.07008613	-15.95074161	26.314
-0.1584542	72.41469329	-11.15192013	27.569
-0.1387263	72.66203054	-6.425908382	28.897
-0.1183674	73.07307711	-1.820768659	30.021
-0.09769193	73.23597228	2.060916837	31.152
-0.07607085	73.82812993	6.543389793	32.054
-0.05508083	74.32784965	11.06954894	33.063
-0.03519566	74.84807144	15.23721431	33.932
-0.0162561	75.36600239	19.49700717	34.834
0.00063106	75.78493631	22.99180892	35.58
0.01657066	76.06324324	25.57272971	36.162
0.03140736	76.42185048	28.32255144	36.72
0.04482077	76.7290297	30.49808911	37.138
0.05586917	76.98919902	32.33759705	37.491
0.06439139	77.05124588	33.55573765	37.835
0.07070393	77.14799837	34.4129951	38.024
0.07370389	77.06411831	34.67735493	38.196
0.07401845	76.91861042	34.36383125	38.237
0.07117771	76.69567552	33.74302655	38.253
0.06454867	76.50709344	32.83528031	38.139
0.053976	76.16807493	31.5722248	38.057
0.0415082	75.09193883	27.48281648	37.77
0.02967146	74.31430187	23.8929056	37.351
0.01641338	73.68375031	20.33025094	36.794
0.0017359	72.86739842	16.40519527	36.302
-0.01404642	71.9172924	11.90487721	35.752
-0.02982874	71.08868856	7.355065691	35.064
-0.0463994	70.42898391	3.185951735	34.334
-0.06486517	69.87345713	-0.622628611	33.62
-0.08522413	69.21086377	-4.650408688	32.94
-0.1058996	68.54426856	-9.062194311	32.136
-0.1276799	68.36404312	-11.91587064	31.365
-0.1519844	68.067836	-14.79649201	30.701
-0.176289	67.44284189	-19.54847434	29.742
-0.1977528	67.12824311	-23.32127066	28.799
-0.2174807	66.98012929	-26.32461213	27.946
-0.2361037	66.98166814	-28.80399557	27.118
-0.2534646	67.00629657	-30.94411029	26.38
-0.2687732	67.02583731	-32.60748808	25.806
-0.2818721	67.06629923	-33.64410232	25.42
-0.293235	67.02940178	-34.29479466	25.24
-0.3015999	66.94136384	-34.65790849	25.207
-0.3068076	66.85823845	-34.73328466	25.265
-0.3083863	66.93046862	-34.44459415	25.289
-0.305231	66.76980279	-33.86759162	25.642
-0.2971806	66.70866646	-33.28900062	25.896
-0.2831342	66.83793202	-32.75420393	25.945
-0.2626179	67.21424628	-30.37126116	26.363
-0.2406804	67.5838201	-26.21153969	27.38
-0.2189001	67.93869304	-21.38192087	28.635
-0.19791	68.22612976	-16.26561073	30.053
-0.1773938	68.53905457	-11.5138363	31.324
-0.1570348	68.79377199	-6.738684043	32.661
-0.1363594	69.155721	-2.109836992	33.842
-0.1147383	69.38337933	1.894137984	34.949
-0.09264151	69.88575927	6.329277807	35.925
-0.07054665	70.33770402	10.85611205	36.982
-0.04971391	70.80810752	15.02432256	37.901
-0.02967146	71.21401885	18.94805654	38.803
-0.01136296	71.89935989	22.82507967	39.41
0.005364979	72.25634636	25.96003908	40.098
0.02035896	72.5024965	28.3964895	40.664
0.0342481	72.79877357	30.81232071	41.173
0.04529455	72.92333951	32.34101854	41.558
0.05476433	73.13052296	33.74856887	41.82
0.06123609	73.24553982	34.58561945	41.984
0.06423412	73.14437851	34.72613554	42.132
0.06549624	73.02304838	34.58414515	42.206
0.06281278	72.76764485	33.88993455	42.23
0.05650023	72.61201603	33.03004809	42.099
0.0463994	72.42654059	31.93362178	41.919
0.03282676	71.40411675	28.25135025	41.714
0.0197279	70.55389085	24.54267255	41.328
0.006155259	69.7136759	20.5220277	40.828
-0.008522219	68.85756883	16.4777065	40.336
-0.02446182	68.02134212	12.02502635	39.688
-0.04087714	67.32137467	7.834124008	38.991
-0.05855263	66.58890626	3.545718788	38.294
-0.07796403	66.00858904	-0.382232878	37.565
-0.09911327	65.3142289	-4.433313311	36.909
-0.1201033	64.62387853	-9.015364407	36.072
-0.1425146	64.52362328	-11.72513015	35.269
-0.1677667	64.22055035	-14.72534896	34.572
-0.191914	63.53082553	-19.55152342	33.653
-0.2138496	63.2828335	-23.46949951	32.595
-0.2342105	63.24049391	-26.47351826	31.636
-0.2533054	63.33108035	-28.76075896	30.783
-0.2719304	63.329257	-30.73422901	30.127
-0.2888156	63.34844826	-32.34765521	29.57
-0.3027048	63.48849404	-33.57751788	29.02
-0.314858	63.55879762	-34.39860715	28.676
-0.3235375	63.54555245	-34.85834264	28.536
-0.3289044	63.5114719	-34.88558429	28.561
-0.3307976	63.56629961	-34.57410118	28.61
-0.3282714	63.43938087	-34.0428574	28.914
-0.3200657	63.45999337	-33.39301988	29.11
-0.3064931	63.41625203	-32.85824392	29.332
-0.2870798	63.66084162	-30.33047513	29.93
-0.2646703	64.06675054	-26.52974839	30.791
-0.2424162	64.42294884	-21.79515349	32.013
-0.2207952	64.65502529	-16.89292413	33.415
-0.1996459	64.90063637	-11.8990909	34.834
-0.1778676	65.09832058	-7.148038254	36.22
-0.1565611	65.43662386	-2.518128424	37.425
-0.1344662	65.57270091	1.631102744	38.672
-0.1112646	65.97829518	5.970885555	39.713
-0.08853865	66.51999743	10.57199228	40.705
-0.06676029	66.94081067	14.78643202	41.689
-0.04592755	67.42034694	18.73604082	42.526
-0.02635694	68.00876914	22.51730742	43.198
-0.009153279	68.41160274	25.96380822	43.944
0.006312539	68.68227535	28.47382604	44.51
0.02035896	69.02115238	30.67245713	44.904
0.03219569	69.29797858	32.58293574	45.264
0.04182275	69.35943427	33.8743028	45.633
0.0484518	69.50703938	34.68611815	45.756
0.05255466	69.40379511	35.01838532	45.97
0.05318571	69.27565823	34.7299747	46.002
0.05097603	69.07702582	34.08607745	45.986
0.04498	68.95335619	33.32206856	45.855
0.03440538	68.70108561	32.31925683	45.773
0.02067546	67.80624528	28.99573585	45.56
0.00662904	66.8059992	24.6419976	45.109
-0.006786319	65.93497263	20.50191788	44.6
-0.02067546	64.03148814	16.12046441	44.043
-0.03582672	63.29784769	12.12254306	43.444
-0.0522401	62.57180977	8.075429309	42.821
-0.07070588	61.93495002	4.049850064	42.116
-0.09074833	61.08730343	-0.167089723	41.558
-0.1125286	61.53141091	-4.147767268	40.787
-0.1344662	60.93833183	-8.65700452	39.877
-0.1578232	60.67624888	-11.48625337	39.196
-0.1832326	59.19650039	-15.01649884	38.499
-0.2078536	58.70828733	-19.62813802	37.45
-0.230265	59.54111511	-23.35165468	36.376
-0.2514122	59.52149188	-26.19152436	35.449
-0.2716139	59.74325248	-28.50224256	34.457
-0.2905535	59.76542556	-30.37972333	33.809
-0.3083863	59.87491079	-32.06726764	33.137
-0.3240113	60.04925897	-33.48822308	32.489
-0.3367956	60.17750995	-34.26147015	32.103
-0.3464227	60.23620119	-34.67339642	31.907
-0.3527352	60.27693732	-34.74918803	31.841
-0.3551022	60.3000435	-34.50886951	31.898
-0.3533663	60.19769439	-33.95491684	32.185
-0.3456324	59.23415662	-33.40153014	32.333
-0.3320597	59.19146034	-32.86661899	32.554
-0.3123319	59.51847601	-30.50557197	33.014
-0.2903943	59.82747647	-26.84857058	33.924
-0.2671946	60.11452017	-22.4954395	35.088
-0.2444687	61.24638662	-17.49784015	36.622
-0.2215835	61.42079057	-12.62162828	38.073
-0.1990149	61.6327535	-7.605739493	39.533
-0.1764462	61.82261774	-2.782146782	40.951
-0.1537203	61.98394213	1.319826392	42.157
-0.1297303	61.3653414	5.587024212	43.198
-0.1058996	61.89172219	10.16616657	44.198
-0.08348823	63.35904017	14.76612052	45.264
-0.06202443	63.78401984	18.45305951	46.068
-0.04198198	64.30432427	22.4499728	46.88
-0.02398998	64.78315772	25.65647316	47.47
-0.0075766	65.17457314	28.42971942	48.003
0.006786319	65.53754035	30.67662104	48.389
0.01925412	65.81435549	32.49106648	48.717
0.02888118	66.03945099	33.80535296	48.93
0.03582478	66.08007014	34.66521042	49.176
0.04008685	66.0932383	34.97471491	49.266
0.04103442	65.89806569	34.73419708	49.381
0.03898202	65.80597779	34.11293337	49.266
0.03298404	65.51828887	33.3968666	49.315
0.02256864	65.36437694	32.37113083	49.127
0.008522219	64.25267103	28.54401308	48.963
-0.00441936	63.35721815	24.38165444	48.471
-0.017992	61.58935005	20.57505015	47.97
-0.0325122	60.75029582	16.45888745	47.437
-0.04829451	59.99107841	12.38723523	46.839
-0.06581274	59.04617493	8.076524785	46.347
-0.08443579	58.32903667	3.906110008	45.674
-0.104321	57.67625963	-0.215221113	44.953
-0.1265751	57.07025653	-4.10023041	44.264
-0.1486699	56.43373762	-8.394787142	43.469
-0.1731317	57.18221785	-11.51334644	42.681
-0.1988576	56.76861734	-15.11514799	41.894
-0.2237932	56.37824661	-19.63126017	40.779
-0.2469929	56.27338309	-23.02085074	39.754
-0.2695615	56.29567784	-25.92996648	38.762
-0.2910253	56.3770068	-28.07397961	37.966
-0.3120173	56.50739693	-30.2898092	37.097
-0.3307976	55.69276474	-32.19370578	36.277
-0.3467372	56.94518379	-33.30544864	35.654
-0.3606264	57.07364426	-34.10206722	35.26
-0.3715155	56.20570131	-34.53989608	34.982
-0.3786184	56.36088656	-34.54234033	34.826
-0.3819329	57.39274621	-34.39876138	34.842
-0.3809853	56.29065975	-33.91602075	35.105
-0.3740417	56.34408372	-33.36274885	35.236
-0.3612574	56.21173327	-32.94980018	35.506
-0.3413723	56.50257002	-31.14128993	35.818
-0.3186444	56.8112518	-27.33824461	36.777
-0.2946563	58.00192453	-23.1992264	37.966
-0.2708256	58.12642913	-18.15171261	39.524
-0.2466783	58.33342414	-13.22572757	40.959
-0.2231621	58.32616135	-8.327515959	42.599
-0.1991722	58.66934318	-3.238970454	43.952
-0.1756579	58.74724685	1.104740544	45.322
-0.1513534	58.99788254	5.276647606	46.462
-0.1262586	59.4109367	9.590810107	47.487
-0.1024278	59.98550701	14.14352104	48.43
-0.08033293	60.4240809	18.3602427	49.397
-0.05918369	60.90581672	22.09445015	50.16
-0.04071791	61.40653627	25.56460881	50.816
-0.02367348	60.84846231	28.31538694	51.291
-0.008679498	61.10545027	30.46635082	51.751
0.004102859	61.37478213	32.35434639	52.111
0.0145202	62.58148271	33.78744813	52.382
0.02209486	62.67205499	34.59916498	52.562
0.0266715	62.68421853	34.95665559	52.669
0.02793362	62.54602855	34.81208564	52.759
0.02604044	62.46147689	34.21343068	52.644
0.02004246	61.27174616	33.44923847	52.579
0.009469779	60.92941538	32.49424613	52.603
-0.004576639	59.91556609	28.71469826	52.357
-0.01814928	60.13264634	24.71893903	51.808
-0.03172192	59.23438917	20.77016752	51.39
-0.0470324	58.38581817	16.72445452	50.89
-0.06344578	57.6127627	12.48528811	50.25
-0.08143777	56.73231909	8.292957273	49.733
-0.1003754	55.96668355	3.932050663	49.045
-0.1205771	55.3228067	-0.240579886	48.298
-0.1429884	54.74015936	-3.956521915	47.642
-0.1665027	54.04759261	-8.467222167	46.831
-0.1908092	53.77933544	-11.56099369	46.068
-0.2168496	53.35167553	-15.52597341	45.174
-0.2419425	53.03106162	-19.63481515	44.125
-0.2665635	52.94074147	-22.80977559	43.157
-0.2899205	52.07647195	-25.64858416	42.075
-0.3124891	52.11900405	-28.07998786	41.222
-0.3341121	53.3387865	-30.27364049	40.271
-0.3539973	53.63643056	-31.84070831	39.451
-0.3716728	53.8734357	-33.0496929	38.811
-0.3869833	54.10006555	-33.86980334	38.311
-0.3992919	54.29893163	-34.3082051	37.966
-0.4073423	53.29784378	-34.40746865	37.934
-0.4119189	53.35449334	-34.31251997	37.909
-0.4116024	54.35091612	-33.85525163	38.065
-0.4060801	54.40470279	-33.27689162	38.204
-0.3934531	54.3115393	-32.76738211	38.467
-0.3749873	53.57841011	-30.95876966	38.803
-0.3528925	54.74437998	-27.73086007	39.713
-0.3277996	55.00203768	-23.71188697	40.795
-0.3025475	54.94239365	-19.14181905	42.378
-0.2772954	55.08154899	-13.82835302	44.01
-0.2525171	55.12314323	-8.834570296	45.633
-0.2277388	55.16854076	-4.39337773	47.068
-0.2021721	55.38172389	0.527171656	48.495
-0.1766035	54.56764677	4.750940307	49.717
-0.1510369	54.86482361	9.233470832	50.914
-0.125944	56.303308	13.45292401	51.882
-0.1022705	56.83973071	17.64519213	52.743
-0.07985915	57.2380173	21.6180519	53.669
-0.0595002	57.75484754	25.08854263	54.309
-0.0415082	58.17934615	27.91303846	54.826
-0.02572588	58.57413436	30.37540307	55.252
-0.01215324	58.835429	32.11928701	55.572
-0.001421341	59.05020015	33.60060046	55.851
0.00710282	59.23737198	34.62711594	56.006
0.01167946	59.11951989	34.88855967	56.211
0.01372992	59.01367721	34.81703163	56.293
0.01167946	58.95352958	34.19558875	56.146
0.005838759	58.69033015	33.45399045	56.162
-0.00489314	58.4637708	32.40531239	56.039
-0.017992	57.47285009	28.71855026	55.801
-0.03172192	56.54314956	24.65144867	55.375
-0.04592755	55.71739906	20.82119718	54.924
-0.06139337	54.80321116	16.74963347	54.481
-0.07796403	53.95499237	12.55797712	53.932
-0.09627253	52.12509868	8.223296029	53.317
-0.1158431	51.39899975	4.076999235	52.661
-0.1369904	51.72095852	-0.048124443	51.964
-0.1601902	51.08324241	-4.076272768	51.259
-0.1844947	49.4792323	-8.324303095	50.447
-0.2094322	49.08324898	-11.90025306	49.651
-0.2357872	48.73464047	-15.5770786	48.774
-0.2623014	48.4547937	-19.59061889	47.716
-0.2873963	48.51168254	-22.74095239	46.609
-0.3123319	48.6289776	-25.3650672	45.617
-0.3364791	48.8998186	-27.77454419	44.543
-0.3603099	49.15146052	-29.82461845	43.608
-0.3817737	49.41659289	-31.53722132	42.772
-0.4007132	49.75266421	-32.81800738	42.009
-0.4177577	50.13374185	-33.56777445	41.378
-0.4313303	50.37390125	-33.98129624	41
-0.4419049	50.390258	-34.22622599	40.902
-0.4475864	50.57779473	-34.13161582	40.746
-0.4483767	50.59058756	-33.74823731	40.861
-0.4439573	50.56316789	-33.16749633	41.082
-0.4325944	50.52616767	-32.61249698	41.304
-0.4147596	50.74623534	-31.01929399	41.615
-0.3929793	50.80199994	-28.39200018	42.435
-0.3672554	50.89783079	-24.56150762	43.616
-0.3407412	50.97684912	-19.77345264	45.133
-0.3139105	50.88931935	-14.79504195	46.88
-0.2875535	50.85936649	-9.892900539	48.544
-0.2610393	50.90955784	-4.993326466	50.127
-0.2342105	51.84605274	-0.311841769	51.751
-0.2070633	52.03173681	4.007210426	53.005
-0.179918	51.34627994	8.541839824	54.202
-0.15293	52.6764348	12.90430439	55.326
-0.1278372	52.97036059	16.78608176	56.326
-0.1033734	52.38620475	20.59261426	57.179
-0.08080477	52.93395557	24.32686671	57.876
-0.06170987	53.48787442	27.34162326	58.327
-0.04371788	54.88166594	29.85199782	58.77
-0.02888118	55.15182355	31.64647065	59.098
-0.01672988	54.35812726	33.15038177	59.393
-0.007417379	54.60972712	34.25018135	59.508
-0.00157862	54.70202107	34.7970632	59.598
0.000788339	54.59655292	34.70265877	59.672
-0.000316501	54.35585666	34.10356998	59.713
-0.005838759	55.1420253	33.3870759	59.688
-0.01609882	54.01255025	32.38365075	59.483
-0.02967146	52.96532942	28.60298827	59.27
-0.0429276	52.05679245	24.91737734	58.95
-0.05792157	51.22431694	20.96795081	58.466
-0.07386117	50.25334429	16.77703286	58.04
-0.09059105	49.41352053	12.55956158	57.474
-0.1093714	48.54779759	8.462392774	56.974
-0.1294158	47.83850002	4.26750005	56.285
-0.152299	47.12721838	0.240655148	55.654
-0.176289	46.54600606	-3.668981822	54.932
-0.2016983	45.87835923	-8.302922312	54.055
-0.2282126	45.52216687	-11.83149938	53.235
-0.2559889	45.07659399	-15.58021803	52.431
-0.2828196	44.90078051	-19.35365848	51.349
-0.3096484	44.96330153	-22.24109542	50.324
-0.3371102	45.10555647	-25.03633058	49.25
-0.3634671	45.40871962	-27.27684115	48.2
-0.389193	45.8480338	-29.32789861	47.077
-0.4128664	46.18568669	-30.87393994	46.224
-0.4349613	46.57024465	-32.20426605	45.396
-0.4543727	47.0259204	-33.00323879	44.674
-0.4704715	47.3149628	-33.53711159	44.207
-0.4829393	47.45499539	-33.83101384	43.969
-0.4906732	47.6178507	-33.76244791	43.829
-0.4931974	47.84468522	-33.49894435	43.69
-0.4900402	47.78363963	-32.99208111	43.92
-0.4804131	47.62537693	-32.43486921	44.264
-0.464159	47.8457127	-30.9608619	44.535
-0.4428525	47.91085725	-28.33242824	45.346
-0.4174431	47.84401185	-24.74396445	46.609
-0.3906124	47.75861774	-20.84214678	47.995
-0.3618885	47.61033392	-16.24399824	49.676
-0.3323762	47.54335965	-10.81092105	51.554
-0.3039669	47.34470011	-6.291899672	53.259
-0.2741382	47.30524769	-1.415256935	54.924
-0.2449424	47.26064361	2.953930822	56.425
-0.2146399	47.37205707	7.224171196	57.737
-0.185285	47.66989065	11.73267195	58.942
-0.1571921	48.0167333	16.04619991	60.033
-0.1306779	49.44319653	19.7345896	60.836
-0.1062161	50.0735718	23.39871539	61.427
-0.08411929	50.58477121	26.75031363	62.033
-0.06486517	50.90422661	29.23567984	62.542
-0.04829451	51.23670844	31.36412532	62.919
-0.03456265	50.49333268	32.79699803	63.14
-0.02367348	50.69676177	33.75228531	63.255
-0.01641338	50.85204258	34.53912775	63.362
-0.01325808	51.85967937	34.53803811	63.354
-0.01357264	50.65934209	34.06002627	63.395
-0.01862306	50.47799456	33.31798369	63.329
-0.0284074	50.33228843	32.3648653	63.157
-0.04229654	49.34446347	29.2543904	63.108
-0.05650023	48.42359681	25.08779043	62.64
-0.07102043	47.48526263	21.0187879	62.222
-0.08743381	46.65759226	17.25777678	61.796
-0.1055831	45.61580519	12.87541558	61.377
-0.1251537	44.75300771	8.370023137	60.738
-0.1458292	43.95177589	4.316327659	60.188
-0.1688716	43.16583259	0.263497774	59.623
-0.1939645	42.50419148	-3.839425547	58.917
-0.2201641	42.91601299	-8.159961038	58.065
-0.2477832	42.62557387	-11.6892784	57.179
-0.2772954	41.27606404	-15.14980789	56.375
-0.3068076	41.16328186	-18.73415441	55.293
-0.3363218	41.20890308	-21.69629076	54.26
-0.3663079	41.46452993	-24.2744102	53.145
-0.3961366	41.8404037	-26.4197889	52.054
-0.425175	42.22978999	-28.49763004	50.972
-0.4524795	42.74216732	-30.38049804	49.832
-0.4771006	43.36360985	-31.56717044	48.815
-0.4991954	43.79472998	-32.46381005	48.085
-0.5178185	44.17259965	-33.00120106	47.528
-0.5332843	44.55064999	-33.31905003	47.044
-0.5433851	44.72269202	-33.44192393	46.831
-0.548121	44.78622519	-33.22732444	46.839
-0.5470161	44.79104609	-32.72086173	47.003
-0.5392823	44.77967696	-32.16396912	47.2
-0.5236573	44.75845675	-31.24362974	47.528
-0.5028245	44.89671899	-28.59084304	48.274
-0.47852	44.85069051	-25.33592848	49.405
-0.4501126	44.68818238	-21.91145285	50.709
-0.4194936	44.54539469	-16.95181594	52.505
-0.3893503	44.1865355	-11.68039351	54.621
-0.3590477	43.67801172	-7.424964832	56.548
-0.3270093	43.5112239	-2.78632829	58.261
-0.2941826	43.36189141	1.562674244	59.86
-0.2611966	43.42294505	6.050835159	61.295
-0.2288436	43.56631891	10.41695672	62.607
-0.197279	43.80763633	14.78290899	63.821
-0.1677667	45.10212087	18.4953626	64.764
-0.1395166	45.63572959	22.11218877	65.436
-0.1141073	45.07127156	25.46181469	66.117
-0.09153667	45.65983205	28.28649614	66.47
-0.071968	46.10684609	30.43753827	66.74
-0.0557119	46.40014852	32.22944557	67.044
-0.0432441	47.5687776	33.42233281	67.273
-0.0342481	47.75773876	34.16321628	67.331
-0.02951224	47.78083978	34.28051934	67.347
-0.0287239	47.63737771	33.85013313	67.347
-0.03235298	47.40587954	33.20363862	67.363
-0.04166548	47.22666634	32.27299902	67.232
-0.05523811	46.44140176	29.42520527	67.068
-0.06960104	45.41243754	25.35431263	66.74
-0.08506685	44.44997245	21.23691735	66.33
-0.101954	42.5419023	17.3337069	65.937
-0.1204198	41.57215439	13.04446316	65.477
-0.1407788	40.61785009	8.657550269	64.969
-0.1628736	39.6541116	4.413334806	64.518
-0.1870209	38.86844352	0.43333056	63.977
-0.2138496	38.20520559	-3.599383228	63.296
-0.2419425	37.56065427	-7.969037194	62.484
-0.2708256	37.16072591	-11.33182226	61.763
-0.3028621	36.85993036	-14.74520891	60.926
-0.3353743	36.92382633	-17.970521	59.787
-0.3680438	37.02533614	-20.74099158	58.762
-0.4024491	37.37982708	-23.34351875	57.54
-0.4363807	37.77245451	-25.66063647	56.375
-0.4692094	38.30804387	-27.56986839	55.203
-0.500774	38.88454186	-29.38337441	54.022
-0.5296552	39.62844624	-30.57166127	52.882
-0.5568005	40.33737187	-31.5438844	51.849
-0.5793691	40.93751432	-32.12845705	51.054
-0.5983087	41.34857627	-32.52127119	50.512
-0.6123531	41.58547573	-32.76757282	50.193
-0.620087	41.75763613	-32.77009161	50.02
-0.621823	41.87703449	-32.36089652	50.037
-0.616458	41.86566151	-31.75601548	50.25
-0.6035164	41.70018312	-31.26845065	50.578
-0.5823672	41.88496728	-29.31309816	51.045
-0.5580626	41.81559134	-26.10122598	52.185
-0.5285504	41.51408289	-22.77275134	53.596
-0.4968285	41.22056147	-18.02231559	55.473
-0.464159	40.65514486	-13.54156542	57.532
-0.4302255	40.12065841	-8.995024767	59.582
-0.395189	39.50372391	-4.278828278	61.771
-0.3595215	39.2132305	0.408691489	63.624
-0.3229065	38.89595276	4.181858292	65.199
-0.2856604	38.90289477	8.261684315	66.552
-0.248888	38.92453467	12.55660402	67.962
-0.2136924	39.26683699	16.51151096	68.938
-0.1807083	39.70815923	20.41847769	69.799
-0.1511941	41.09502415	23.81707244	70.545
-0.1238916	41.76302967	26.92808901	70.914
-0.1005327	42.23973568	29.29420703	71.226
-0.08096399	42.63946344	31.25539033	71.48
-0.06518167	43.01996507	32.59189521	71.545
-0.05365949	42.23328943	33.3068683	71.57
-0.0463994	42.261318	33.75995401	71.693
-0.04371788	42.29493738	33.61481215	71.611
-0.04624211	42.08863581	32.84890743	71.562
-0.053976	41.85928601	32.06185802	71.529
-0.06802242	41.41641584	30.38824751	71.414
-0.08396201	40.24304377	25.9351313	71.103
-0.1003754	39.1098988	21.59969641	70.791
-0.1177363	38.15633391	17.26300174	70.299
-0.1373069	37.13597043	13.1429113	69.946
-0.1581397	36.08248438	8.80345315	69.553
-0.1814967	35.16083148	4.439494449	69.02
-0.2070633	34.37418132	0.552543949	68.511
-0.2357872	33.55377718	-3.384668465	68.019
-0.2660897	32.9370364	-7.298890808	67.331
-0.2987592	32.54629224	-10.58912327	66.625
-0.3342694	32.31561641	-13.76515076	65.797
-0.3715155	32.24648864	-16.70253409	64.887
-0.4100257	32.42300221	-19.71599336	63.706
-0.449165	32.99541706	-22.12974883	62.329
-0.4879898	33.56672001	-24.30383996	61.033
-0.5266553	34.18489395	-26.28631814	59.754
-0.5640606	34.92270966	-27.88587101	58.483
-0.5986233	35.80775456	-29.34073632	57.113
-0.630819	36.63094488	-30.36316536	55.949
-0.6595429	37.29739171	-31.11782486	55.031
-0.6832163	37.96376699	-31.72869904	54.161
-0.7015249	38.48854388	-31.99936835	53.546
-0.7135189	38.82313983	-32.05158051	53.194
-0.7182528	38.97717521	-31.85947438	53.104
-0.7163596	38.95749223	-31.3035233	53.309
-0.7059442	38.80717882	-30.77046355	53.637
-0.6873192	38.86093804	-29.97018588	53.85
-0.6622263	38.88429563	-26.9481131	54.834
-0.6325548	38.5823868	-23.30283961	56.351
-0.5997281	38.07504749	-19.55985752	58.106
-0.564849	37.435943	-14.664171	60.377
-0.5282339	36.69178032	-10.15565905	62.624
-0.4900402	35.66111953	-5.942641421	65.059
-0.4501126	34.96449344	-1.684519669	67.175
-0.4089209	34.44978694	2.453360818	69.069
-0.3666244	33.89407216	6.321216483	70.914
-0.323854	33.80602904	10.14008711	72.275
-0.2820293	33.79848863	13.93046589	73.546
-0.2421017	34.24906303	17.76618909	74.374
-0.2042226	34.5955885	21.04676551	75.121
-0.1699764	35.25367273	24.4220182	75.588
-0.1398312	35.93230774	27.24392321	75.85
-0.1142645	36.45122574	29.49067722	76.08
-0.09343179	38.09025365	31.13776094	75.99
-0.07717569	38.38251651	32.33254953	76.096
-0.06628651	38.57951256	33.02253769	76.129
-0.06139337	38.67697431	33.02092292	76.031
-0.06123609	38.54288567	32.47165702	75.982
-0.06723213	37.34589806	31.70669417	75.924
-0.07954265	37.1353044	30.60691321	75.768
-0.09595603	36.89402218	26.44206655	75.621
-0.1130024	34.791487	22.27346099	75.334
-0.1317827	33.58650521	17.69851562	75.014
-0.1521417	32.55803726	13.43111177	74.62
-0.1743938	31.3751024	8.949307212	74.309
-0.1988576	30.4024994	4.678498188	73.858
-0.2266339	29.46721186	0.912635595	73.538
-0.2577248	28.61904715	-2.639858548	73.202
-0.2916583	27.93575932	-6.435722038	72.62
-0.3290617	27.47580412	-9.46558765	72.07
-0.3696223	27.23504729	-12.35085814	71.349
-0.4130237	27.20605781	-15.26682656	70.406
-0.4576872	27.40298731	-17.75103808	69.381
-0.5045604	27.98951429	-19.87945712	68.085
-0.5517501	28.65125365	-22.17523906	66.658
-0.5981495	29.5720693	-24.23379209	65.051
-0.643446	30.57220801	-25.95537597	63.477
-0.6858998	31.43248153	-27.5325554	62.091
-0.7251983	32.62658253	-28.8222524	60.467
-0.7602347	33.65305482	-29.72683553	59.139
-0.7902207	34.44241073	-30.38576781	58.13
-0.8151563	35.06590574	-30.85228279	57.351
-0.83236	35.65588886	-31.07433342	56.687
-0.8423016	35.9008676	-31.0773972	56.441
-0.8445113	36.11102728	-30.69291815	56.359
-0.837725	36.00955439	-30.16033682	56.638
-0.8224164	35.89428925	-29.76813224	56.884
-0.7974809	36.05054594	-28.14436217	57.269
-0.7665473	35.85076385	-24.68470844	58.622
-0.7321419	35.35834884	-20.42895348	60.533
-0.6953695	34.37940822	-15.96177533	63.001
-0.6562283	33.08244954	-11.83365139	65.674
-0.6142483	32.07799966	-7.566001011	68.101
-0.5698994	30.8216108	-3.757167602	70.627
-0.5235	29.86535001	0.361050037	72.956
-0.4750482	28.96320752	3.753622553	74.989
-0.4254915	28.42041574	7.168247208	76.67
-0.3748301	28.30038987	10.69616962	77.966
-0.3255899	28.18940443	14.15221329	79.229
-0.278243	28.70048787	17.55446362	79.852
-0.2337368	29.2770904	20.9312712	80.401
-0.1941217	29.88057831	23.97173494	80.811
-0.1597164	30.63388201	26.55264603	80.918
-0.1302041	31.4668715	28.58361451	80.762
-0.1065307	32.05853569	30.13660706	80.688
-0.08916971	32.48928405	31.20985214	80.615
-0.07843781	32.78764374	31.68493122	80.475
-0.07449223	32.67450854	31.46852562	80.516
-0.07638735	32.60570291	30.82110874	80.369
-0.08569791	32.34387446	29.91262339	80.328
-0.1016375	31.46203461	26.92210382	80.213
-0.1188412	30.3117857	22.63435711	79.934
-0.1384118	29.12054952	18.27464855	79.672
-0.1601902	27.88040222	13.88820667	79.45
-0.1843374	26.66494471	9.332834144	79.147
-0.2108516	25.34776814	5.13530441	79.065
-0.2414687	24.37016588	1.536497652	78.843
-0.2760333	23.43773038	-1.800808848	78.663
-0.3151726	22.61013156	-5.069605333	78.401
-0.358574	22.14833247	-7.859002604	77.933
-0.4059209	21.76539299	-10.43282104	77.458
-0.4573727	21.70033677	-12.94098968	76.687
-0.5119778	21.92834684	-15.13695947	75.727
-0.5683208	22.66443327	-17.60270019	74.169
-0.6251374	23.53576516	-19.58770453	72.636
-0.6819542	24.53847912	-21.74556264	70.914
-0.7368758	25.80135958	-23.61492126	69.028
-0.7891159	27.1700824	-25.38875279	67.068
-0.8375677	28.38706802	-26.72979593	65.404
-0.8817574	29.71950504	-27.92548487	63.673
-0.9197938	30.74501278	-28.75796165	62.37
-0.951673	31.5914309	-29.44370729	61.295
-0.9761368	32.35282262	-29.79053215	60.418
-0.9925501	32.87816835	-30.03549496	59.811
-0.9998103	33.20349452	-29.79751643	59.565
-0.9983889	33.25024769	-29.36025693	59.664
-0.9873425	33.25757857	-28.89726428	59.811
-0.9657195	33.06004273	-28.38287182	60.18
-0.9351023	33.06781905	-25.18554285	61.238
-0.900697	32.44051435	-21.13945695	63.214
-0.8620296	31.36696545	-16.88110365	65.707
-0.8211544	29.99116852	-12.84249443	68.429
-0.7761744	28.53940812	-8.85777564	71.209
-0.7270915	27.04187041	-5.355388781	73.874
-0.6750106	25.72444779	-1.927656633	76.334
-0.6192987	24.43910563	1.37431689	78.72
-0.5610607	23.38374144	4.334224312	80.762
-0.5017197	22.73655352	7.534660549	82.476
-0.4412739	22.39276834	10.48730503	83.804
-0.3816164	22.50721486	13.41364457	84.665
-0.3244851	22.95538042	16.55514126	85.264
-0.2716139	23.61698669	19.52396007	85.592
-0.2234786	24.60007497	22.27522491	85.526
-0.1816539	25.5921161	24.75934831	85.362
-0.1463029	26.34286776	26.74160327	85.272
-0.1183674	27.17228297	28.19784892	84.928
-0.09816571	27.66987417	29.22262251	84.772
-0.08601441	28.05014582	29.64943746	84.534
-0.08206883	28.00340516	29.36221548	84.485
-0.08569791	27.79760347	28.52281041	84.411
-0.09769193	27.47929168	27.54387503	84.403
-0.1164742	26.35011993	23.6163598	84.223
-0.1373069	25.06285643	19.01656929	83.977
-0.1601902	23.71176215	14.27328646	83.747
-0.185285	22.31546425	9.814392758	83.657
-0.2144826	20.9730788	5.736236405	83.64
-0.2479405	19.81363254	2.233897633	83.632
-0.2867652	18.86186652	-0.720400428	83.599
-0.331586	17.80133666	-3.628990026	83.69
-0.3817737	17.10793175	-6.129204755	83.55
-0.437802	16.61430602	-8.297081943	83.321
-0.4990362	16.6188628	-10.1044116	82.714
-0.5643752	16.86132079	-12.32903764	81.73
-0.6322403	17.44739104	-14.38382688	80.459
-0.7012084	18.46772752	-16.56381743	78.712
-0.7704929	19.69848943	-18.65253171	76.785
-0.8380415	21.10872913	-20.59581262	74.727
-0.9025902	22.54180706	-22.44657881	72.677
-0.9631952	24.12962464	-24.07912609	70.545
-1.018276	25.62450598	-25.42348205	68.602
-1.067673	26.84916667	-26.5735	66.994
-1.109182	27.92363793	-27.50508621	65.609
-1.14264	28.9333535	-28.11793949	64.395
-1.166629	29.68780414	-28.53658757	63.501
-1.18115	30.26869945	-28.61490165	62.894
-1.18541	30.46376243	-28.2757127	62.812
-1.179255	30.46109573	-27.7647128	62.985
-1.162053	30.29725467	-27.42223599	63.263
-1.133803	30.31162296	-25.01513112	64.051
-1.099238	29.75414806	-21.44955581	65.797
-1.060413	28.67733717	-17.42298848	68.216
-1.01654	27.10783903	-13.52148291	71.086
-0.9680883	25.47333811	-9.862985664	73.94
-0.9142696	23.77293334	-6.501199976	76.761
-0.8558742	21.99330106	-3.380096823	79.581
-0.7932188	20.30203387	-0.458898399	82.246
-0.7264604	18.96442306	2.122269188	84.444
-0.6567021	17.83222491	4.605674727	86.404
-0.5839458	17.20725387	6.960761611	87.814
-0.5113467	16.97467466	9.437023974	88.872
-0.4393807	17.13243769	12.10031306	89.602
-0.3702534	17.7561431	14.80842929	89.881
-0.3055455	18.59201277	17.5110383	89.946
-0.2473094	19.72293722	20.16581165	89.7
-0.1961741	20.80646111	22.50738333	89.397
-0.1538776	21.89440839	24.46622516	88.962
-0.1210508	22.70628614	25.99285842	88.659
-0.09706087	23.28662431	26.92087294	88.388
-0.08317367	23.66723498	27.32470495	88.142
-0.07938537	23.6696018	26.8908054	87.995
-0.08475035	23.53880512	26.10241535	87.863
-0.09990161	23.11867954	24.57203862	87.773
-0.1208936	21.63787907	19.61363722	87.601
-0.1440933	20.17878938	14.99036814	87.519
-0.170922	18.71826557	10.3627967	87.437
-0.2020129	17.27001292	6.288038746	87.527
-0.238628	15.97758158	2.953744755	87.708
-0.2817148	14.6883867	0.289160105	88.109
-0.3325335	13.51912543	-2.258623705	88.429
-0.3899813	12.58371626	-4.326851225	88.675
-0.4548465	12.01272108	-5.988836764	88.692
-0.5266553	11.81846351	-7.630609473	88.339
-0.6038309	12.04089513	-9.252314614	87.576
-0.6851115	12.60866312	-11.01701065	86.42
-0.7690715	13.52859095	-12.90722714	84.87
-0.8535073	14.77463538	-14.92309387	82.952
-0.9362072	16.18499867	-16.96500398	80.861
-1.016224	17.87229843	-18.8181047	78.556
-1.091506	19.50127854	-20.69616439	76.301
-1.161736	21.16841245	-22.30976266	74.096
-1.224077	22.64785855	-23.82642436	72.111
-1.277894	24.08474281	-25.05077158	70.266
-1.322086	25.42102447	-25.8869266	68.651
-1.356491	26.28209054	-26.60072838	67.552
-1.379691	27.01061886	-26.89914341	66.724
-1.39137	27.51807037	-26.8047889	66.248
-1.391685	27.67167446	-26.39197661	66.232
-1.379533	27.54889174	-25.95032479	66.502
-1.354912	27.56866561	-24.63400318	66.921
-1.322086	27.07908098	-20.84075707	68.675
-1.282787	25.92435655	-17.07193036	71.086
-1.237964	24.34327748	-13.57416755	73.833
-1.185726	22.49094562	-10.05316314	76.859
-1.127647	19.85987779	-6.975366627	80.516
-1.063571	18.13279775	-4.161606748	83.181
-0.9928666	17.24997461	-1.668076176	85.895
-0.9169531	15.49066201	0.484986028	88.372
-0.8356745	14.23195609	2.366868279	90.258
-0.7506077	13.33440085	4.174202537	91.758
-0.6631739	12.82078046	5.978341382	92.873
-0.5746352	12.66553016	7.972590486	93.693
-0.4871995	13.04806004	10.13118011	94.03
-0.4037112	13.77299876	12.57599629	94.12
-0.326221	14.83970445	15.18511334	93.923
-0.2563054	16.06190215	17.76870645	93.562
-0.1958596	17.40023069	20.06169206	92.988
-0.1459864	18.52843575	21.89830725	92.472
-0.1068472	19.42258452	23.35075357	92.062
-0.08049021	20.11786563	24.2305969	91.66
-0.06470789	20.44142252	24.63426756	91.471
-0.06091959	20.51069349	24.20308046	91.258
-0.06849619	20.28960263	23.34180788	91.192
-0.08680275	19.53423466	20.82970398	91.11
-0.1115811	18.06251493	15.77554479	90.897
-0.1396739	16.4880527	11.17515809	90.938
-0.1731317	14.87587141	7.028614222	91.168
-0.212904	13.39096492	3.383894753	91.438
-0.260251	11.92094795	0.623843843	91.988
-0.3164347	10.73048299	-1.225551027	92.562
-0.3814591	9.661398087	-2.98080574	93.046
-0.4559513	8.891483382	-4.258549853	93.39
-0.5386512	8.603475433	-5.416573702	93.292
-0.6286093	8.520311874	-6.554064378	92.996
-0.724408	8.936647697	-7.936056908	92.119
-0.823364	9.747561518	-9.415315445	90.815
-0.9243705	10.77994344	-11.16316967	89.2
-1.024903	12.3041175	-13.08564749	87.035
-1.12228	13.78598056	-15.06005831	84.895
-1.215396	15.51392893	-17.10921322	82.484
-1.301567	16.26357978	-18.87126066	80.147
-1.380005	18.0120047	-20.5859859	77.827
-1.449133	19.61324078	-22.10627766	75.719
-1.506895	21.10542585	-23.14072244	73.882
-1.55377	22.25291757	-24.09924728	72.415
-1.588016	23.24476286	-24.61871143	71.25
-1.609165	23.88380271	-24.81659187	70.545
-1.61674	24.30772086	-24.57683741	70.201
-1.61169	24.21690311	-24.08729067	70.455
-1.592121	24.09406225	-23.64581325	70.725
-1.560556	23.92134675	-20.59695976	71.914
-1.520784	22.85926572	-16.79620285	74.243
-1.474068	21.24044689	-13.38765934	76.998
-1.418673	19.26715963	-9.809521114	80.164
-1.35586	18.22210379	-6.893688638	83.181
-1.285154	15.08863011	-4.414109674	86.141
-1.206716	13.10199102	-2.181026933	88.872
-1.120702	12.35586371	-0.483408869	91.184
-1.027744	10.92049348	0.991480451	93.111
-0.9291044	9.821860504	2.297581512	94.645
-0.8262048	9.107973882	3.572921647	95.784
-0.7209362	8.892656336	4.921969009	96.449
-0.6158269	9.018528596	6.601585789	96.883
-0.5119778	9.477243241	8.544729723	97.072
-0.4138121	10.40886016	10.74858049	96.875
-0.3229065	11.61670295	13.19010886	96.481
-0.2421017	12.96131261	15.74793784	95.989
-0.1726579	14.3157966	18.01738981	95.391
-0.1161577	15.54328055	19.77984165	94.751
-0.07291361	16.50448821	21.16346463	94.251
-0.04371788	17.13419078	21.96957235	93.89
-0.02809284	17.50016618	22.20649855	93.603
-0.02635694	17.50555134	21.53565402	93.374
-0.0380364	17.12077536	20.67532609	93.472
-0.06170987	16.18417219	17.34951657	93.3
-0.09201045	14.5087804	12.24834119	93.275
-0.1278372	12.86132956	7.650988682	93.39
-0.1706075	11.18725086	4.005752584	93.849
-0.2220573	9.562187072	1.272561217	94.563
-0.284239	8.257611802	-0.601164594	95.243
-0.356838	7.046478506	-1.921564481	96.014
-0.4408001	6.232612152	-2.863163544	96.514
-0.5348629	5.943523428	-3.730429716	96.514
-0.6379218	5.889667892	-4.530996325	96.301
-0.7485553	6.083072285	-5.501783144	95.784
-0.8640819	6.612380089	-6.691859734	94.858
-0.9822921	7.454858803	-8.07642359	93.554
-1.100817	8.632750897	-9.73274731	91.824
-1.217765	9.958839616	-11.48748115	89.913
-1.329818	11.59486924	-13.44039228	87.626
-1.43556	12.40248487	-15.3735454	85.174
-1.532621	14.085759	-17.13972299	82.902
-1.618476	15.84916912	-18.80949265	80.582
-1.692654	17.48188317	-20.23535048	78.474
-1.754047	18.86674018	-21.44177945	76.687
-1.80092	20.02207308	-22.28078077	75.252
-1.832801	20.89078937	-22.72563189	74.235
-1.849846	21.45493422	-22.75519733	73.661
-1.851265	21.65040014	-22.29179959	73.62
-1.837378	21.62623626	-21.84829122	73.792
-1.808811	21.38139105	-18.91682684	75.014
-1.770777	20.23296921	-15.45009237	77.318
-1.722482	18.65777904	-12.10566287	80.008
-1.665351	16.59906988	-9.056790356	83.083
-1.597329	14.48307525	-6.326774244	86.109
-1.519365	12.32006678	-4.082799665	89.02
-1.432088	10.36242657	-2.257720287	91.586
-1.335342	8.527422598	-0.922732205	93.866
-1.229601	7.218865078	0.194595235	95.547
-1.116282	6.140506613	1.066519838	96.916
-0.9969695	6.487122037	1.959366111	97.867
-0.8741828	6.087346139	2.827038418	98.556
-0.7495028	6.176828006	3.980484017	98.851
-0.6262423	6.45246195	5.398385849	99.048
-0.5067701	7.10107666	7.245229981	99.015
-0.3937696	8.156365637	9.304096912	98.646
-0.290868	9.4218804	11.6486412	98.162
-0.2005935	10.71076927	13.9673078	97.646
-0.1240489	12.08912015	16.23336045	97.023
-0.06312928	13.38279333	17.97237998	96.309
-0.01862306	14.28688791	19.25966373	95.834
0.01025812	14.97545638	19.97236913	95.383
0.02256864	15.25462101	19.92186304	95.087
0.0194114	15.08843037	19.20429112	95.014
0.000788339	14.4999912	17.36397359	94.989
-0.02825012	12.89063706	12.31391117	94.915
-0.06391761	11.20988739	7.691662168	95.055
-0.1090568	9.579430405	4.003291215	95.456
-0.1646095	7.789681956	1.439045868	96.391
-0.2324746	6.425773531	-0.192679407	97.211
-0.3132794	5.22935681	-1.32192957	98.031
-0.4073423	4.528606181	-1.996181456	98.507
-0.5130826	4.024432936	-2.623701193	98.802
-0.6298733	3.879942625	-3.156172126	98.769
-0.7558154	3.981155365	-3.812533904	98.449
-0.8874389	4.44360026	-4.639199221	97.711
-1.024272	5.127837349	-5.685487954	96.678
-1.162053	4.902410448	-7.000768655	95.465
-1.298727	6.103917125	-8.514248625	93.759
-1.430826	7.460028033	-10.1519159	91.857
-1.557242	8.963871516	-11.98838545	89.741
-1.674188	10.6223433	-13.8769701	87.453
-1.77993	12.29545077	-15.59564769	85.207
-1.872098	14.04965663	-17.1970301	82.919
-1.949433	15.52473886	-18.57678342	80.984
-2.011141	16.84367936	-19.61496192	79.319
-2.055647	17.94945778	-20.35662667	77.966
-2.082478	18.71081012	-20.67956963	77.097
-2.092419	19.16091146	-20.43626563	76.728
-2.084528	19.08736358	-19.96990927	76.957
-2.060066	18.93604942	-17.91285173	77.794
-2.02203	18.0698612	-14.48441641	79.803
-1.972316	16.47304372	-11.25586884	82.476
-1.911396	14.35882247	-8.127532603	85.633
-1.838324	12.17346619	-5.656601417	88.642
-1.752468	9.986205574	-3.680383279	91.488
-1.655565	8.022766758	-2.190699727	93.948
-1.546036	6.37157127	-1.117286189	95.957
-1.42688	5.138815893	-0.31555232	97.457
-1.298096	4.151590762	0.340772287	98.663
-1.161736	3.509050124	0.921150372	99.499
-1.020643	3.218146936	1.548440808	99.999
-0.876707	4.073462907	2.296388721	100.393
-0.7330894	4.336039633	3.3301189	100.475
-0.5921534	4.792101651	4.722304954	100.483
-0.4578445	5.703265234	6.471795702	100.155
-0.3331646	6.733708165	8.603124496	99.835
-0.2211097	7.974039108	10.77611732	99.319
-0.1245226	9.394851567	12.9715547	98.63
-0.0446635	10.65244621	15.04633862	98.064
0.01736094	11.75862671	16.64288014	97.49
0.06060309	12.64776346	17.73529038	96.965
0.08475035	13.17496852	18.18590556	96.588
0.09074833	13.22040384	17.75521152	96.399
0.07828053	12.93343123	16.8222937	96.375
0.0505042	11.68704586	12.56713758	96.203
0.01388914	9.879375156	7.855125468	96.44
-0.03377432	8.09483624	3.977508721	96.932
-0.09406285	6.559783101	1.463349302	97.629
-0.167924	5.096399141	-0.022802578	98.597
-0.257884	3.972085273	-0.93574418	99.417
-0.362836	3.237753114	-1.464740658	99.975
-0.4810461	2.863310362	-1.901068915	100.204
-0.6125124	2.692907078	-2.313278767	100.237
-0.753763	2.720273236	-2.798180292	100.048
-0.9033805	3.041427001	-3.358718996	99.54
-1.058363	2.478537479	-4.138387564	98.843
-1.21587	3.120744841	-5.163765476	97.859
-1.372745	4.108044826	-6.335865523	96.481
-1.525834	5.061654663	-7.804036011	95.038
-1.673083	6.497828855	-9.399513434	93.07
-1.810864	7.935186904	-11.11443929	91.061
-1.936491	9.574205847	-12.86338246	88.839
-2.047599	11.19669995	-14.56290015	86.65
-2.142766	12.80290445	-16.11628666	84.526
-2.219783	14.30096093	-17.32811722	82.624
-2.277388	15.45464609	-18.29506173	81.148
-2.315424	16.47096481	-18.76510558	79.975
-2.333731	16.40382444	-18.84352667	80.016
-2.332154	16.77222264	-18.37733209	79.803
-2.310848	17.49352622	-17.07442135	80.516
-2.273285	16.69491601	-13.54225198	82.492
-2.22215	15.04275351	-10.08373948	85.297
-2.156813	12.80125238	-7.289242871	88.47
-2.077427	10.55085382	-4.96243855	91.496
-1.983364	8.366530859	-3.175407424	94.276
-1.875255	6.462787301	-1.950638097	96.588
-1.752942	4.936211975	-1.217364076	98.359
-1.617845	3.785946987	-0.609159038	99.712
-1.472649	3.145534452	-0.169396644	100.499
-1.317981	2.650840182	0.266520547	101.139
-1.157317	2.476217985	0.726653954	101.467
-0.9931812	2.284450833	1.282352499	101.844
-0.828729	2.484185985	2.004557954	101.885
-0.6663291	2.738908867	3.014726602	101.967
-0.5100846	3.42331203	4.476936091	101.77
-0.3637817	4.301319169	6.249957507	101.483
-0.230265	5.53676801	8.234304029	100.909
-0.1126859	6.873406895	10.54922068	100.344
-0.01372992	8.163348692	12.64604608	99.753
0.06565351	9.430652605	14.45595782	99.089
0.1237324	10.33973148	15.95319443	98.679
0.1597164	11.13487996	16.66463989	98.121
0.1743938	11.33948848	16.63946543	97.908
0.1691861	11.10975165	15.82725496	97.867
0.1429884	10.52338931	13.84616794	97.793
0.1040045	8.791189039	8.133567117	97.621
0.05365949	7.282645201	3.829935602	97.695
-0.01088918	5.860966705	1.484900114	98.335
-0.09232695	4.128034004	0.048102011	99.589
-0.191914	3.044093642	-0.719719073	100.417
-0.3077552	2.514449875	-1.273650374	100.762
-0.4392214	2.000291653	-1.51412504	101.196
-0.5855244	1.910877717	-1.806366849	101.188
-0.7438214	2.002454668	-2.122635997	100.991
-0.9112716	2.28264182	-2.560074541	100.565
-1.085351	2.538180732	-3.170457804	100.106
-1.262902	3.039537615	-3.880387155	99.368
-1.440925	2.648971086	-4.857086741	98.433
-1.615952	3.59292532	-6.00922404	97.105
-1.784507	4.578191896	-7.409424311	95.653
-1.943278	5.954883092	-9.009350723	93.743
-2.089738	7.505364995	-10.70590501	91.627
-2.220414	9.126763388	-12.30970984	89.471
-2.332785	10.65761538	-13.99015386	87.38
-2.426215	12.18843325	-15.35270024	85.395
-2.498026	13.51370292	-16.46789123	83.698
-2.547423	14.52893832	-17.16318504	82.451
-2.574096	15.26494009	-17.38817973	81.64
-2.578516	15.4942846	-16.99714621	81.541
-2.560998	15.52711998	-16.10964007	81.804
-2.52375	14.85484222	-12.71447333	83.608
-2.470721	13.09066386	-9.424008419	86.469
-2.400491	10.91682547	-6.498523582	89.618
-2.314162	8.512615539	-4.288153383	92.759
-2.210946	6.380157063	-2.789528812	95.391
-2.090683	4.575475075	-1.807574776	97.523
-1.954324	3.262145268	-1.196564195	99.04
-1.802973	2.319202772	-0.803391685	100.114
-1.639782	1.760754645	-0.534736066	100.762
-1.466651	1.333283307	-0.218150079	101.295
-1.285628	1.176450319	0.097350956	101.557
-1.1005	0.985299277	0.531897831	101.893
-0.9139551	1.088795268	1.064385803	101.967
-0.7289847	2.32011683	1.857350489	102
-0.5509617	2.958279355	2.985838066	101.738
-0.3817737	3.634870702	4.496612105	101.565
-0.2266339	4.70669484	6.434084519	101.139
-0.08790759	5.922698264	8.582094793	100.639
0.03030252	7.154028206	10.74908462	100.13
0.1270469	8.411415273	12.62824582	99.499
0.1998032	9.475247537	14.19674261	98.958
0.247624	10.35565087	15.3379526	98.458
0.2724023	10.79439422	15.61918267	98.113
0.2733498	10.74291172	15.02373517	97.966
0.2515695	10.25996944	13.42490833	97.916
0.2125875	8.395271534	8.028814602	97.982
0.1592426	6.576726715	3.755180145	98.376
0.09011727	4.650284874	1.245854621	99.466
0.000947561	3.325411955	-0.022764136	100.368
-0.1081093	2.305770962	-0.645687115	101.18
-0.236261	1.710038359	-1.031884922	101.647
-0.3828785	1.596131918	-1.274604247	101.68
-0.545121	1.457866331	-1.467401008	101.754
-0.7210935	1.516201021	-1.760396936	101.598
-0.9076406	1.615468858	-2.077593425	101.393
-1.101764	1.952702453	-2.541892641	100.901
-1.299989	1.314078658	-3.056764025	100.368
-1.49932	1.864335094	-3.814994718	99.565
-1.696125	2.587197069	-4.748408794	98.531
-1.887092	3.406955109	-5.904134673	97.326
-2.068115	4.480756419	-7.308730742	95.784
-2.23525	5.496279063	-8.960162812	94.218
-2.385971	7.068385254	-10.51684424	92.127
-2.517123	8.729477389	-12.22356783	89.897
-2.626494	10.38988618	-13.63834147	87.765
-2.712506	11.74725558	-14.85523325	86.002
-2.773742	12.93341637	-15.62575089	84.559
-2.810042	13.70182084	-16.02653747	83.657
-2.82109	13.45560302	-15.78119094	83.985
-2.807359	13.63726619	-15.21220144	83.993
-2.770428	12.91740983	-12.2537705	85.699
-2.713928	11.22954299	-8.929371029	88.495
-2.639119	8.992333166	-6.023000503	91.701
-2.544582	6.59116632	-3.929501041	94.8
-2.430634	5.467338214	-2.551985359	97.383
-2.297432	3.867779741	-1.764660776	99.245
-2.146079	2.687669215	-1.296992356	100.581
-1.977998	1.941397593	-1.000807221	101.426
-1.796027	1.441528257	-0.75441523	102.008
-1.602379	1.178254083	-0.56023775	102.336
-1.400681	1.046843063	-0.315470811	102.549
-1.193458	0.987210396	0.048631188	102.73
-0.9848163	0.993593733	0.436781198	102.853
-0.7779102	1.111820315	1.037460944	102.935
-0.5770022	1.359662735	1.879988204	102.968
-0.3850882	1.971880552	3.125641656	102.771
-0.2078536	2.891245872	4.848737616	102.426
-0.0487683	4.067289537	6.852868612	101.918
0.08932699	5.282254059	8.973762177	101.41
0.2034342	6.685743416	11.01823025	100.688
0.2916564	7.714395187	12.75118556	100.237
0.352576	8.649077777	14.07923333	99.745
0.3865095	10.08609634	14.50528902	99.45
0.394558	10.22154239	14.05062718	99.163
0.3762495	9.877939254	13.24181776	99.237
0.3356888	8.3089011	8.114703299	99.097
0.2795051	7.614735129	3.869205386	98.376
0.203908	4.278956817	1.289870451	99.852
0.1062142	2.783422143	0.025266429	100.926
-0.01341536	2.026585488	-0.574243535	101.483
-0.1549824	1.511049603	-0.863851192	101.902
-0.3164347	1.192693053	-1.080920841	102.148
-0.4958809	1.234653638	-1.276039086	102.041
-0.6904764	0.251669591	-1.494991226	101.951
-0.8964349	0.489835612	-1.740493164	101.631
-1.111706	0.761870936	-2.130387193	101.229
-1.332186	1.171771369	-2.547685893	100.68
-1.553927	1.507987917	-3.162036249	100.139
-1.773301	2.10671473	-3.948855811	99.278
-1.986679	2.828585517	-4.98124345	98.212
-2.189166	3.729255987	-6.092232038	96.941
-2.378237	4.645384689	-7.501845932	95.555
-2.548844	5.954407115	-9.184778656	93.685
-2.698934	7.303521703	-10.72043489	91.824
-2.825351	9.086424435	-12.2837267	89.52
-2.925726	10.65577283	-13.5036815	87.544
-2.999272	11.8409288	-14.45121359	86.043
-3.044567	11.70673996	-14.95278013	85.01
-3.06177	12.14910702	-14.87967893	84.592
-3.051353	12.15100122	-14.40899635	84.747
-3.013792	12.79424797	-12.03525608	85.895
-2.95445	10.46103618	-8.702891463	89.339
-2.873171	8.07030603	-5.71408191	92.726
-2.770428	5.842060322	-3.641819034	95.645
-2.645432	3.744537968	-2.383386097	98.162
-2.498499	2.137043159	-1.718870523	99.991
-2.33089	1.243494111	-1.348517666	101.008
-2.144976	0.728125474	-1.100623579	101.606
-1.942961	1.252578327	-0.928265019	102.139
-1.728952	0.973413254	-0.730760239	102.484
-1.505002	0.833991008	-0.534026976	102.689
-1.27537	0.710196856	-0.266409431	102.902
-1.043685	0.692186404	0.048559211	103.025
-0.813737	0.770945898	0.578837694	103.123
-0.5893127	1.061108989	1.254326966	103.058
-0.3751466	1.552657015	2.284971044	102.91
-0.1764462	2.284935323	3.76780597	102.672
0.004102859	3.256870875	5.627612626	102.32
0.1614523	4.472536997	7.651610991	101.779
0.2927612	5.841798929	9.863396786	101.147
0.3962938	6.974143651	11.71243095	100.631
0.469524	7.909477688	13.01543307	100.13
0.5126088	8.505819046	13.72445714	99.77
0.5269718	8.647870813	13.50861244	99.556
0.5126088	8.395101939	12.62730582	99.515
0.4715764	7.025044454	8.247133362	99.425
0.4116024	4.861702808	3.602108423	100.04
0.3303238	3.174386854	1.099160561	100.893
0.2247408	2.824	0	100.877
0.09343179	1.148375224	-0.502874329	101.385
-0.06218171	0.257782	-0.789653999	102.18
-0.2395755	0.273690977	-0.960927069	102.107
-0.4368545	0.472171399	-1.130485803	101.852
-0.6510206	0.348873224	-1.326380327	101.91
-0.8778118	0.497582494	-1.546252517	101.688
-1.11518	0.793034383	-1.838896852	101.295
-1.357753	1.0556694	-2.232991799	100.901
-1.602536	1.432401652	-2.749795043	100.352
-1.845112	1.941249911	-3.413250267	99.622
-2.081373	2.669867728	-4.278396817	98.605
-2.306428	3.389269518	-5.390191446	97.515
-2.516963	4.370671508	-6.702985475	96.096
-2.70793	4.457100802	-8.141697595	94.53
-2.876801	5.739681604	-9.705955189	92.726
-3.019789	6.956698203	-11.19690539	91.012
-3.134842	8.434275697	-12.64417291	89.052
-3.219908	10.09383717	-13.6414885	87.06
-3.2742	11.06553903	-14.31738292	85.863
-3.2974	10.79446692	-14.32059925	86.133
-3.289982	11.29572698	-13.87281905	86.781
-3.252262	11.50665881	-11.59302357	87.33
-3.189449	9.749316886	-8.279049343	90.192
-3.102488	7.14049805	-5.356505851	93.775
-2.990908	4.707763303	-3.378710092	96.867
-2.854233	2.775351726	-2.239944822	99.179
-2.693569	1.365611237	-1.69616629	100.77
-2.509546	1.611509461	-1.423471616	101.615
-2.305166	1.170398667	-1.174803999	102.139
-2.083266	0.900053228	-1.001840316	102.467
-1.847479	0.620498705	-0.829503884	102.804
-1.601274	0.5139801	-0.609059701	102.984
-1.348441	0.431971575	-0.387085276	103.14
-1.093557	0.323939793	-0.120180621	103.337
-0.8397774	0.264769028	0.242307084	103.517
-0.592468	0.506093781	0.819281342	103.468
-0.3557332	0.90890233	1.63470699	103.337
-0.134307	1.446114524	2.925343571	103.23
0.06707485	2.412768813	4.595306439	102.82
0.2441522	3.587111196	6.618333589	102.32
0.3932958	4.816769884	8.732309652	101.795
0.5116632	5.898838325	10.64951497	101.352
0.5979922	7.953092272	12.14127682	100.795
0.6510206	8.696566353	12.99169906	100.335
0.6712223	8.875685773	12.98905732	100.155
0.6598594	8.615573387	12.13372016	100.13
0.619456	7.409277233	7.950831699	99.942
0.5566413	6.526373166	3.310119497	99.278
0.4696813	3.592986729	1.001960188	100.442
0.3552594	1.931	0	101.77
0.2121137	1.426559583	-0.454321251	102.123
0.04261304	0.24009501	-0.644714971	102.246
-0.1511941	0.069460918	-0.886617247	102.336
-0.3664651	-0.044946483	-1.007839448	102.41
-0.6008329	0.16844025	-1.180679249	102.139
-0.8489307	0.275543505	-1.423369486	101.951
-1.108391	0.472010617	-1.646968149	101.68
-1.374009	0.816439401	-1.966681796	101.229
-1.642623	1.102730028	-2.385809915	100.803
-1.908872	1.545871522	-3.000385434	100.155
-2.16849	2.159317731	-3.791046808	99.278
-2.416273	2.960988654	-4.782034038	98.146
-2.647958	3.851371238	-6.046886287	96.834
-2.859599	3.945582133	-7.4382536	95.276
-3.046777	5.038585758	-8.932242727	93.685
-3.206494	6.172058745	-10.47582376	92.037
-3.335909	7.525047136	-11.87685859	90.217
-3.432339	8.732285412	-13.05214376	88.618
-3.495468	10.12197194	-13.70408418	87.011
-3.524192	10.26809697	-13.8807091	86.806
-3.519615	10.49140504	-13.40878487	86.74
-3.481263	10.78393416	-11.71819752	88.011
-3.414662	9.070860159	-8.247419524	90.881
-3.321073	6.717495385	-5.221513846	94.243
-3.199865	4.091074075	-3.236777774	97.531
-3.051669	1.994246162	-2.171261514	99.983
-2.876169	0.954412093	-1.675763722	101.188
-2.67526	0.258742414	-1.425772759	101.967
-2.452257	-0.192214684	-1.251644052	102.476
-2.209682	0.669266547	-1.052200358	102.681
-1.951957	0.431883214	-0.879350358	102.976
-1.683027	0.268384942	-0.655845173	103.214
-1.406679	0.145408005	-0.484775986	103.394
-1.127647	0.177326387	-0.266020839	103.435
-0.8501928	0.110502779	0.025508336	103.599
-0.5788953	0.140120464	0.483361392	103.722
-0.3191182	0.428527599	1.225582796	103.681
-0.07575435	0.967010344	2.349031031	103.517
0.1466175	1.581030809	3.897092427	103.419
0.3432654	3.681892125	5.870676374	102.976
0.5097681	4.961264718	7.911794154	102.377
0.6432868	6.303235374	9.921706121	101.705
0.741769	7.363900628	11.52870189	101.18
0.8034769	8.225577159	12.68573148	100.704
0.8299911	8.501106017	12.82531805	100.475
0.8216281	8.24254852	11.87564556	100.417
0.7804345	7.005512716	7.699538147	100.262
0.7149382	4.79699741	3.113992229	99.942
0.6215084	2.757258892	0.879776675	101.237
0.4976168	1.357	0	102.344
0.3426344	0.786722308	-0.405833076	102.779
0.1586115	0.673496707	-0.598509879	102.828
-0.05160904	0.551401832	-0.766794504	102.894
-0.2861341	0.592607199	-0.913178402	102.804
-0.5402299	0.675783545	-1.131649364	102.648
-0.8104224	-0.159826975	-1.328480926	102.418
-1.092452	0.086203665	-1.475389005	102.123
-1.3819	0.372351176	-1.771946471	101.738
-1.674031	0.676206477	-2.16538057	101.303
-1.964582	1.068469357	-2.710591929	100.729
-2.247718	1.764510911	-3.403467268	99.802
-2.518858	2.35233299	-4.346001029	98.9
-2.77169	3.184910043	-5.586269872	97.654
-3.003848	4.24592633	-6.93022101	96.145
-3.209808	5.354042034	-8.426873898	94.538
-3.385781	5.632989831	-9.903030506	92.767
-3.529242	6.814487168	-11.40153849	91.086
-3.637666	8.0120672	-12.6297984	89.479
-3.70916	9.023607679	-13.48317696	88.183
-3.743092	10.06302715	-13.61091854	87.101
-3.741356	10.38417777	-13.21446669	86.912
-3.702059	10.34898749	-11.79303754	88.421
-3.631512	9.12329764	-8.165107079	90.856
-3.531294	5.681709146	-5.082872562	95.325
-3.401248	3.941661233	-3.094016301	98.728
-3.240426	2.410754472	-2.151736584	100.573
-3.050407	1.330646633	-1.702060102	101.803
-2.832137	0.602213261	-1.451360217	102.615
-2.589879	0.323874292	-1.227377124	102.968
-2.32663	0.185473026	-1.102580921	103.148
-2.046651	-0.100736397	-0.929209192	103.492
-1.754521	-0.239948535	-0.779845604	103.681
-1.454183	-0.20717198	-0.58251594	103.714
-1.150847	-0.379572955	-0.337718866	103.968
-0.8487734	0.553191972	-0.071424085	104.124
-0.5538025	0.731648221	0.289944664	104.066
-0.2706664	0.832408203	0.961224609	104.189
-0.00489314	1.272706528	1.940119585	104.075
0.2387872	1.937899914	3.320699742	103.87
0.45453	3.014295346	5.196886038	103.419
0.6383955	4.20093327	7.28079981	102.927
0.7870635	5.501460316	9.385380949	102.328
0.8976989	6.58321496	11.15464488	101.836
0.969034	8.665170114	12.38151034	100.163
1.000915	7.512301722	12.61290517	100.393
0.9952336	8.180527045	11.68958114	99.417
0.9535682	6.940452497	7.330357492	99.204
0.8850719	4.462666801	2.873000402	100.196
0.7856441	2.65182392	0.785471761	101.311
0.6521255	1.734	0	101.967
0.4853063	1.089857445	-0.357427666	102.492
0.2870798	0.853726922	-0.549819233	102.664
0.05949825	-0.144878318	-0.692634953	102.615
-0.1938072	-0.062112566	-0.912337698	102.459
-0.4684191	-0.004287743	-1.008863229	102.369
-0.7608658	0.273814187	-1.182557439	102.033
-1.065938	0.41338147	-1.354855589	101.836
-1.379217	0.659087621	-1.625737137	101.5
-1.695337	0.962644705	-1.996065884	101.073
-2.009721	1.239775739	-2.466672782	100.639
-2.316529	1.894089952	-3.110730143	99.77
-2.610395	1.604450847	-4.030647458	98.753
-2.885955	2.444825205	-5.199524386	97.523
-3.13863	3.61221092	-6.545367241	95.907
-3.363212	4.694616956	-8.068149132	94.317
-3.555598	5.767959119	-9.597122644	92.734
-3.713106	6.964906472	-11.04928058	91.053
-3.833052	7.152297094	-12.40410872	90.414
-3.912752	8.514900354	-13.23629894	88.774
-3.952366	9.963608467	-13.4411746	88.257
-3.952366	10.13706379	-13.06780864	88.208
-3.91291	10.29304904	-11.39385289	88.61
-3.839049	8.684801013	-7.75859696	91.43
-3.732044	5.711763878	-4.869708365	95.366
-3.592213	3.201806937	-2.97657919	98.507
-3.418923	1.451233877	-2.129298368	100.54
-3.213912	0.526746441	-1.704760677	101.606
-2.978439	0.077524965	-1.453425106	102.139
-2.716769	0.765708148	-1.254875556	102.517
-2.432687	0.480319402	-1.127041793	102.845
-2.130139	0.308649805	-0.979050586	103.066
-1.814336	0.186483027	-0.754550919	103.263
-1.489693	-0.043796939	-0.608390817	103.542
-1.162053	-0.076320197	-0.41196059	103.64
-0.8358318	-0.257958079	-0.119874236	103.919
-0.5168709	-0.096964295	0.216107116	103.87
-0.2108516	-0.084048297	0.71985511	104.025
0.07701841	1.259552615	1.627657845	103.984
0.3416868	1.78544369	2.959331071	103.902
0.576843	2.861280205	4.737840615	103.419
0.7772792	4.063219049	6.891657146	102.935
0.9406266	5.329372701	9.040118103	102.385
1.062623	6.506274185	10.87582255	101.82
1.142482	7.517941573	12.35982472	101.303
1.179412	7.890053084	12.61515925	101.016
1.17673	7.670544361	11.78563308	100.959
1.134117	7.210526358	7.624579073	100.032
1.061992	3.411917267	2.747751801	101.205
0.9557778	2.920272486	0.876817459	101.073
0.813104	1.413251514	0.072754541	102.312
0.6339762	0.860331067	-0.2840068	102.746
0.4205984	0.017319779	-0.476040662	102.525
0.176289	-0.121033786	-0.669101358	102.599
-0.09627253	-0.104272756	-0.741818269	102.558
-0.3914007	0.036205829	-0.962382512	102.344
-0.7061015	0.282519529	-1.156441413	102.033
-1.034058	0.372523928	-1.354428217	101.877
-1.371483	0.732607027	-1.528178919	101.459
-1.711751	0.87113593	-1.826592209	101.221
-2.050439	1.206838728	-2.271483817	100.737
-2.381237	0.778174133	-2.918477601	99.95
-2.698145	1.47301103	-3.737966909	98.982
-2.9958	2.295970223	-4.908089332	97.769
-3.26836	3.396724014	-6.255827959	96.219
-3.511092	4.54336918	-7.90689246	94.522
-3.720051	5.796724606	-9.462826183	92.75
-3.890973	6.868401269	-10.89479619	91.201
-4.021966	7.341224621	-12.32932614	90.25
-4.110031	8.481523955	-13.26142813	89.799
-4.154852	9.347977855	-13.49106643	88.856
-4.157536	10.07993361	-13.01719918	88.282
-4.117134	9.497448694	-11.54265392	89.356
-4.039011	8.064154439	-7.823536683	92.029
-3.925536	5.397384396	-4.828846812	95.694
-3.775761	2.691923375	-2.958229876	99.023
-3.590793	0.891914907	-2.109255279	101.106
-3.370471	1.090728175	-1.683815474	102.049
-3.118113	0.657867851	-1.455396448	102.558
-2.837346	0.39694004	-1.329179881	102.861
-2.531641	0.11995648	-1.128130559	103.205
-2.207	-0.0685958	-0.979787399	103.443
-1.868152	-0.264557419	-0.829672257	103.689
-1.519365	-0.43626319	-0.65478957	103.919
-1.167418	-0.560004185	-0.435012554	104.116
-0.8172088	0.348748734	-0.216753799	104.28
-0.4744171	0.396190419	0.096571258	104.337
-0.1450389	0.449623691	0.526871074	104.427
0.1650833	0.810110025	1.386330075	104.353
0.4501106	1.336526292	2.671578876	104.255
0.7042063	2.142376631	4.375129893	104.017
0.9220035	3.358766952	6.548300857	103.525
1.099395	4.629988383	8.76296515	102.992
1.23323	6.493706485	10.78711945	100.803
1.321612	6.855156433	12.3124693	100.95
1.363749	8.526897189	12.80369157	99.442
1.36233	8.096885808	11.93065742	99.581
1.319717	6.324419691	7.303259074	99.811
1.244277	3.995095903	2.625287708	100.581
1.131908	2.346412353	0.805237059	101.623
0.9802396	1.208210648	0.072631945	102.517
0.7892732	0.875535465	-0.238393605	102.746
0.5609034	0.812473034	-0.427580898	102.746
0.2993903	-0.204250451	-0.549751353	102.722
0.008364939	-0.178426796	-0.718280389	102.64
-0.3080717	-0.079459387	-0.91337816	102.476
-0.6443916	0.035637856	-1.036086433	102.32
-0.9960219	0.266051836	-1.256844491	102.016
-1.356491	0.510610199	-1.456169403	101.705
-1.721377	0.756092114	-1.754723658	101.36
-2.08374	1.173297914	-2.174106259	100.803
-2.438052	1.66350073	-2.746497811	100.122
-2.777688	1.257773443	-3.61867967	99.237
-3.09728	2.318727879	-4.740816363	97.802
-3.389884	3.336957205	-6.114128384	96.326
-3.65124	4.597478555	-7.744564336	94.522
-3.876138	5.848500267	-9.4034992	92.718
-4.060632	6.970140508	-10.86257848	91.11
-4.202042	7.654110047	-12.35066986	89.93
-4.298315	8.851529481	-13.28541156	88.421
-4.348503	9.249184858	-13.61644543	88.913
-4.352921	9.570562615	-13.16831216	88.741
-4.31094	10.1797066	-11.4638802	88.7
-4.229661	8.044163438	-7.811509686	92.053
-4.109084	5.075574132	-4.687277604	96.063
-3.950315	2.567681194	-2.886956419	99.171
-3.753193	0.940433417	-2.06269975	101.073
-3.517721	-0.049343536	-1.660030609	102.197
-3.248474	-0.326450387	-1.483351162	102.533
-2.948295	-0.611537968	-1.330613905	102.869
-2.622232	0.103185009	-1.178444972	103.205
-2.275337	-0.142575097	-1.003725292	103.509
-1.913132	-0.256087006	-0.804261019	103.689
-1.540986	-0.280604468	-0.631813404	103.771
-1.165051	-0.49420696	-0.48362088	104.034
-0.7906945	-0.626232265	-0.216696794	104.255
-0.4242294	0.396087172	0.048261515	104.321
-0.071968	0.441871225	0.455613676	104.411
0.2596199	0.614170815	1.218512444	104.493
0.5651655	1.099469686	2.404409059	104.403
0.837725	1.97946542	4.10839626	104.091
1.072093	3.104868083	6.230604248	103.673
1.263848	4.486822261	8.678466782	103.107
1.408415	6.099191059	10.93257318	102.246
1.504685	7.908907574	12.54872272	100.975
1.551875	8.87485188	13.08555564	100.188
1.552349	8.035018488	12.18905546	99.729
1.508474	6.565014422	7.359043265	99.589
1.429405	3.855185622	2.550556865	100.696
1.31088	2.06692647	0.803779411	101.902
1.148952	1.133505793	0.142517379	102.615
0.9455178	0.907528359	-0.190414923	102.73
0.7029442	-0.237881992	-0.356645975	102.82
0.4242294	-0.252674435	-0.476023304	102.795
0.1142645	-0.137172366	-0.669517098	102.615
-0.2225311	-0.070639806	-0.790919418	102.508
-0.5809478	0.068967788	-0.987096637	102.303
-0.9556186	0.363052296	-1.184843112	101.943
-1.340078	0.57592263	-1.407232109	101.656
-1.728795	0.796642002	-1.657073993	101.352
-2.114988	0.1149314	-2.079205799	100.893
-2.492975	0.637624526	-2.626126422	100.188
-2.855653	1.331960777	-3.447117669	99.22
-3.196709	2.211967599	-4.620097203	97.949
-3.509041	3.327044186	-6.047867442	96.358
-3.788703	4.537431838	-7.678704486	94.604
-4.029541	5.861642242	-9.391073274	92.709
-4.22761	6.357028368	-11.0039149	91.676
-4.379751	7.572726674	-12.49581998	89.963
-4.483599	9.555712097	-13.50986371	88.642
-4.538206	9.174269336	-13.91619199	88.888
-4.544518	10.10264818	-13.44105547	88.118
-4.501748	10.34504642	-11.55886073	88.503
-4.416682	8.14614143	-7.751575711	91.971
-4.289792	5.187568843	-4.645293471	95.965
-4.122184	2.59867087	-2.817987391	99.163
-3.912436	0.81613904	-2.039582881	101.205
-3.66276	-0.000724732	-1.712174197	102.131
-3.376785	-0.352064861	-1.485194582	102.558
-3.057982	0.403989461	-1.332031617	102.853
-2.711875	0.143295457	-1.13011363	103.181
-2.343043	-0.045030516	-0.981091549	103.419
-1.957955	-0.264537896	-0.853613689	103.681
-1.562607	-0.501918961	-0.680756883	103.976
-1.162684	-0.625526842	-0.460580526	104.173
-0.7649686	-0.724355599	-0.265066797	104.337
-0.3754611	-0.807537246	0.025388261	104.517
-0.00110484	0.254155768	0.384467305	104.575
0.3524187	0.459305633	1.098916898	104.608
0.6775349	0.896758198	2.213274593	104.542
0.9685602	1.63568724	3.89006172	104.362
1.219184	2.825988401	6.008965202	103.878
1.424197	4.22227069	8.499812071	103.312
1.580125	5.618609822	10.84382947	102.697
1.684289	8.368029654	12.57308896	100.524
1.736055	8.477854081	13.31956224	100.663
1.738265	9.139049933	12.4021498	99.696
1.692968	6.228871594	7.556614781	99.991
1.610427	3.460806133	2.426418398	101.049
1.485117	1.591978031	0.779934093	102.369
1.314352	0.853914691	0.164744073	102.902
1.098924	0.472808605	-0.117574186	103.189
0.841356	0.466168153	-0.30849554	103.132
0.5460686	0.525519717	-0.47544085	103.017
0.2173214	0.632614021	-0.598157937	102.869
-0.1399885	-0.226823948	-0.767471843	102.672
-0.5203427	-0.129103681	-0.915311042	102.525
-0.9175841	0.150710021	-1.158869938	102.164
-1.325398	0.322222059	-1.358333822	101.926
-1.737791	0.493468612	-1.582594163	101.68
-2.147974	0.959046688	-1.955859935	101.09
-2.549002	1.473355196	-2.554934412	100.376
-2.933775	1.100198791	-3.353403627	99.483
-3.295979	1.973033315	-4.574900054	98.203
-3.628513	3.159580772	-6.031257683	96.531
-3.925536	4.492761004	-7.788716987	94.612
-4.181683	5.838901922	-9.531294235	92.685
-4.393009	7.193592354	-11.27222294	90.75
-4.555408	8.40053978	-12.89238066	89.003
-4.666358	9.150991271	-14.01002619	87.88
-4.725226	9.122037423	-14.41788773	87.773
-4.732801	9.7065817	-13.9182549	87.355
-4.689243	10.27051044	-11.88146869	88.47
-4.599441	8.065838292	-8.016485124	91.963
-4.466553	5.086944404	-4.653166789	96.063
-4.288845	2.179167352	-2.822497944	99.581
-4.067577	0.454453256	-2.092640232	101.549
-3.804013	-0.21525454	-1.740763619	102.336
-3.501149	0.409759203	-1.536722391	102.779
-3.163881	0.050361393	-1.309915822	103.214
-2.797416	-0.086018272	-1.131054817	103.41
-2.407435	-0.331007232	-1.005021695	103.697
-1.999778	-0.592654613	-0.85396384	104.009
-1.58123	-0.674687937	-0.632063812	104.165
-1.157948	-0.94472436	-0.509173081	104.476
-0.736404	-0.085330552	-0.264991656	104.698
-0.3240113	-0.086612703	-0.02283811	104.78
0.07275634	-0.000363845	0.358908465	104.821
0.4467981	0.099669793	0.97700938	104.927
0.792114	0.421972752	1.994918255	104.944
1.100974	1.301077216	3.672231647	104.624
1.367695	3.472576326	5.857728977	104.181
1.586123	5.703023378	8.319070133	102.771
1.753257	6.783161433	10.8694843	101.541
1.864681	8.225389566	12.8081687	100.745
1.921497	8.399475159	13.55242548	99.819
1.925286	7.904331113	12.70599334	100.032
1.879515	5.90989136	7.214674081	100.196
1.794134	3.289648252	2.257944755	101.164
1.662668	2.354756497	0.731269492	101.59
1.483064	0.059126879	0.189380637	102.705
1.255642	0.267688775	-0.069933675	102.41
0.9841852	0.145691583	-0.237925251	102.476
0.672168	0.008169626	-0.404491121	102.558
0.3254307	0.107797412	-0.549607765	102.41
-0.05208087	0.330863917	-0.69340825	102.139
-0.4534271	0.478099425	-0.914701726	101.918
-0.8729206	0.65869432	-1.086917039	101.68
-1.303777	-0.161452798	-1.309358395	101.426
-1.739212	0.214461244	-1.582616268	100.959
-2.172278	0.425644508	-1.933066476	100.631
-2.596349	1.087397238	-2.506808285	99.778
-3.002428	1.6741378	-3.329586599	98.917
-3.385781	2.455114291	-4.505657128	97.744
-3.736938	1.502223596	-6.011329212	97.195
-4.051479	2.908283081	-7.748150757	95.21
-4.323092	4.702165828	-9.644502515	93.784
-4.547044	6.423309508	-11.54007148	92.431
-4.71907	8.128990249	-13.18802925	90.176
-4.837754	8.551461993	-14.33261402	89.372
-4.900884	9.865149761	-14.74455072	87.921
-4.909721	11.47498824	-14.29203529	87.462
-4.864584	10.35897662	-12.45307013	88.191
-4.770679	8.298946512	-8.154160465	91.684
-4.630847	4.977804233	-4.734587302	96.145
-4.444617	3.013836703	-2.850489892	99.737
-4.211512	1.240488485	-2.095534545	101.762
-3.933427	0.579022048	-1.742933855	102.541
-3.614309	0.146797652	-1.488607044	103.058
-3.258575	-0.170874765	-1.334624295	103.427
-2.87254	-0.291967039	-1.157901117	103.607
-2.461568	-0.512184318	-1.005552954	103.878
-2.031816	-0.765001743	-0.831005229	104.189
-1.590385	-0.952415881	-0.655247642	104.435
-1.143587	-0.084172757	-0.483518271	104.624
-0.6991559	-0.239939047	-0.287817142	104.845
-0.2643538	-0.34867006	-0.071010181	105.026
0.1545087	-0.278038118	0.335885646	105.091
0.5493831	-0.161621103	0.83513669	105.141
0.9139531	1.05549982	1.80449946	105.247
1.240805	1.867243715	3.429731146	104.977
1.523468	3.924446438	5.614339313	103.648
1.755309	5.635063147	8.23518944	101.811
1.933017	5.12853221	10.84959663	102.189
2.052649	8.601593012	12.87777904	99.392
2.1142	8.63357487	13.73872461	99.647
2.120196	8.352953042	12.82185913	99.622
2.073954	5.596064454	7.059193363	99.458
1.985258	2.659343245	2.137029735	100.754
1.847951	0.854297222	0.729891665	102.09
1.659353	0.385767315	0.236301944	102.394
1.420092	0.168311369	0.024934106	102.541
1.134748	0.047649613	-0.190051161	102.59
0.8069506	0.11460592	-0.331182241	102.476
0.4414311	0.189352976	-0.475941071	102.353
0.04450621	0.224087048	-0.692738855	102.246
-0.3775135	0.469409815	-0.865770555	101.943
-0.8192611	-0.522112951	-1.086338852	101.861
-1.27237	-0.210632833	-1.2858985	101.483
-1.73069	0.165802007	-1.533593978	101.024
-2.18664	0.41016952	-1.90749144	100.655
-2.632807	0.881982653	-2.409052042	100.016
-3.060823	1.73083843	-3.258484711	98.884
-3.464377	1.57682351	-4.485529469	97.629
-3.83463	1.598582051	-6.043253848	97.088
-4.166058	4.026969874	-7.833090377	95.063
-4.452192	5.804870502	-9.804388494	93.628
-4.688295	6.745143171	-11.80457049	92.021
-4.870107	8.267296296	-13.63411111	89.889
-4.995577	9.376926412	-14.83222076	88.38
-5.062336	10.43636582	-15.34390254	87.15
-5.072595	11.39027278	-14.81918167	86.371
-5.025248	11.08914378	-12.62356866	87.404
-4.927713	8.48306388	-8.216808359	91.479
-4.781569	4.959267238	-4.667198285	96.186
-4.586184	1.930484934	-2.830545197	99.827
-4.3414	0.206617868	-2.098146395	101.795
-4.049111	0.537480031	-1.768559906	102.574
-3.713737	0.080707077	-1.539878769	103.107
-3.339696	-0.138937241	-1.361811723	103.386
-2.934091	-0.374197972	-1.158593916	103.689
-2.501655	-0.643537351	-0.982612052	104.017
-2.049965	-0.774051015	-0.831153045	104.198
-1.585649	0.104594302	-0.655217095	104.378
-1.116442	-0.13393112	-0.434793361	104.69
-0.6492847	-0.265616773	-0.241850318	104.886
-0.1920713	-0.250552708	0.025341875	104.96
0.247624	-0.245122077	0.287633768	105.042
0.6631719	0.772684903	0.809054708	105.198
1.046841	0.964841661	1.754524982	105.321
1.391211	1.958113203	3.282339609	104.837
1.688708	3.593017372	5.580052115	103.968
1.934439	5.333767506	8.267302518	102.123
2.121774	5.316609503	10.96982851	102.041
2.249295	7.93326994	13.08680982	100.13
2.315265	7.627235107	13.98970532	99.737
2.323156	7.691738428	13.05221528	99.36
2.276283	5.550202692	7.044608075	99.499
2.18443	2.518318231	2.154954694	100.901
2.041284	0.982069235	0.867207704	102.008
1.843691	0.196067715	0.330203145	102.615
1.593698	0.003060656	0.072181967	102.722
1.294624	0.013697978	-0.069906067	102.664
0.9508847	0.065632995	-0.283101016	102.541
0.5680062	0.050554674	-0.475335977	102.492
0.1518252	0.157483146	-0.598550561	102.344
-0.290868	-0.596275319	-0.816825957	102.025
-0.753763	-0.464597546	-0.988792637	101.836
-1.229128	-0.333915126	-1.259745379	101.615
-1.709541	0.09220164	-1.484395081	101.114
-2.187273	0.450289374	-1.835131879	100.639
-2.655218	0.947906903	-2.33427929	99.975
-3.104697	1.698585886	-3.184242343	98.941
-3.527664	1.731637768	-4.462086695	97.482
-3.91654	1.776992976	-6.048021072	96.908
-4.264225	3.934895109	-7.914314672	95.128
-4.564878	5.112092973	-9.965721082	93.267
-4.813449	6.404021198	-11.94593641	91.315
-5.004889	7.997170997	-13.85348701	90.086
-5.136514	9.77739476	-15.20581572	87.855
-5.208007	11.56616928	-15.69249216	85.904
-5.219055	11.89741548	-15.21775356	85.731
-5.170287	11.41796203	-12.8671139	86.994
-5.068491	8.881247704	-8.201256889	91.086
-4.916034	5.154077453	-4.622767641	96.006
-4.711812	2.102179906	-2.807460283	99.663
-4.45519	0.443855154	-2.100434538	101.557
-4.149329	-0.250184823	-1.74655447	102.369
-3.798173	0.334289192	-1.541132423	102.853
-3.406297	0.057770203	-1.362689392	103.189
-2.980964	-0.243188137	-1.18256441	103.55
-2.528012	-0.504621573	-0.982864718	103.878
-2.054228	-0.707458166	-0.805374497	104.14
-1.568288	-0.854953988	-0.608861963	104.353
-1.076355	0.039126337	-0.43462099	104.517
-0.5867865	0.0540274	-0.1679178	104.591
-0.1077928	-0.094559814	0.025320559	104.804
0.3533663	-0.147662406	0.310012782	104.952
0.7892732	-0.153550338	0.760348987	105.108
1.192039	1.038996029	1.631988088	105.206
1.553296	1.669844552	3.254533656	105.116
1.866733	3.400923035	5.594769105	104.165
2.124774	5.055203634	8.367610901	103.435
2.322999	7.32268079	11.13504237	101.09
2.457622	6.797251562	13.22175469	101.311
2.5288	9.375894606	14.16868382	99.048
2.537955	7.555451893	13.28235568	99.573
2.490923	5.437064499	7.098193496	99.63
2.395598	2.655767498	2.150302495	100.762
2.246614	0.972024004	0.984072013	102.057
2.040339	0.325232249	0.423696746	102.517
1.778983	0.091937262	0.188811787	102.672
1.466334	0.22652315	-0.02243055	102.467
1.107287	0.202632017	-0.19010395	102.435
0.7072063	0.213588654	-0.379234037	102.361
0.2719285	0.354131605	-0.572605186	102.156
-0.1909664	0.527045821	-0.767862537	101.918
-0.6745368	-0.349338372	-0.988015115	101.721
-1.171363	-0.136468704	-1.210406112	101.434
-1.673714	0.231663208	-1.435010377	100.991
-2.173698	0.556491224	-1.762526328	100.557
-2.662792	1.095849495	-2.334451515	99.827
-3.132632	0.812298308	-3.185105076	98.827
-3.575326	1.771953018	-4.464140947	97.441
-3.982036	1.931722337	-6.051832989	96.752
-4.346135	4.005822613	-7.92053216	95.055
-4.66115	5.280444288	-10.05166714	93.07
-4.921243	7.348733732	-12.1837988	91.291
-5.121836	8.523691978	-14.09492407	89.479
-5.260878	10.58911416	-15.52465753	86.937
-5.335686	11.8679616	-16.19111521	85.436
-5.347996	12.24020309	-15.68939073	85.231
-5.297335	11.89518693	-13.05843921	86.453
-5.192225	9.000159303	-8.23752209	90.955
-5.032981	5.063185409	-4.577443773	96.112
-4.81992	2.018376306	-2.836871083	99.737
-4.551936	0.418140192	-2.078579425	101.59
-4.232502	-0.455559023	-1.771677068	102.566
-3.865248	0.277714518	-1.515856445	102.918
-3.456169	0.156124291	-1.313627128	103.107
-3.011266	-0.267304126	-1.182912378	103.574
-2.53827	-0.438009291	-0.957027872	103.82
-2.043179	-0.642685959	-0.782057876	104.083
-1.535147	0.054112235	-0.608663296	104.444
-1.021117	0.013871114	-0.411386658	104.55
-0.5094535	-0.011929567	-0.167788702	104.657
-0.008364939	-0.111958896	0.096123311	104.845
0.4737841	-0.312452822	0.382641533	105.141
0.9292636	-0.284425556	0.736723333	105.231
1.35065	-0.066848448	1.584454657	105.296
1.729269	1.496162919	3.201488758	105.272
2.05754	2.857607216	5.536821648	103.689
2.328207	3.868287589	8.421862768	103.64
2.536691	6.632786531	11.20435959	101.803
2.679206	9.11919044	13.42557132	100.057
2.755119	8.636353377	14.48506013	99.893
2.766482	8.309707645	13.52912293	99.901
2.718347	6.62854604	7.081638119	99.433
2.620179	3.521317455	2.238952366	100.926
2.465356	1.617691017	1.004073052	102.418
2.250874	1.216421995	0.514265984	102.656
1.978788	-0.015488541	0.235534376	102.795
1.653041	-0.037245591	0.047263228	102.754
1.279156	-0.01844322	-0.142329659	102.672
0.8623461	0.122548641	-0.283354076	102.484
0.4086044	0.132346893	-0.52395932	102.394
-0.07401845	0.313813238	-0.693560287	102.156
-0.5782643	0.461608719	-0.964173843	101.918
-1.09624	-0.234973834	-1.160921503	101.549
-1.620214	0.001625952	-1.411122143	101.229
-2.141345	0.360039616	-1.712881152	100.77
-2.651429	0.890169164	-2.261492508	100.057
-3.141312	1.525557794	-3.112326617	99.138
-3.602945	1.542749041	-4.365752877	97.703
-4.027806	2.685605207	-6.028184378	96.006
-4.407686	3.513265243	-7.92520427	94.546
-4.737062	5.491622883	-9.982131351	92.882
-5.008835	6.706954845	-12.06913547	90.971
-5.219686	8.799174165	-14.0574775	89.216
-5.365514	10.09032869	-15.66801394	87.388
-5.444426	11.87839013	-16.20782961	85.42
-5.458472	12.25071872	-15.70584383	85.215
-5.406864	11.68400277	-13.2239917	86.609
-5.29765	8.777133437	-8.120599688	91.217
-5.132884	4.864553471	-4.507339588	96.334
-4.910826	1.755362039	-2.788913882	100.016
-4.631637	0.007672461	-2.103982618	101.992
-4.298315	0.519274468	-1.799176596	102.582
-3.915751	0.170354065	-1.492937804	103.033
-3.489313	-0.122594459	-1.363783378	103.369
-3.02547	-0.440540816	-1.159622449	103.755
-2.532115	-0.667990142	-0.956970425	104.05
-2.016348	0.24332615	-0.70702155	104.222
-1.486695	-0.109533289	-0.559599866	104.624
-0.9507274	-0.223861826	-0.362585479	104.804
-0.4169693	-0.226086332	-0.048258996	104.911
0.1052685	-0.285412501	0.166762496	105.042
0.6077765	0.629219497	0.477658492	105.231
1.082667	0.566546035	0.805638105	105.403
1.522363	0.685929524	1.556788573	105.534
1.917552	2.306406125	3.148218374	104.444
2.260186	2.033547932	5.500643797	104.501
2.543794	5.412479346	8.356438037	102.074
2.762063	6.288573427	11.13172028	102.123
2.912152	8.328137141	13.53341142	99.884
2.9928	8.744890671	14.66067201	99.843
3.005901	8.514830178	13.77549053	99.778
2.956818	6.340578457	7.228735371	99.77
2.855968	3.297262464	2.304787393	101.172
2.694831	1.600107427	1.02632228	102.443
2.4723	1.083879747	0.58463924	102.812
2.188849	0.9411027	0.351308099	102.877
1.85032	-0.05583127	0.14150619	102.804
1.460969	-0.003785495	-0.047356486	102.689
1.026955	0.097215646	-0.260353061	102.517
0.5553792	0.124534553	-0.475396341	102.418
0.05334494	0.338118083	-0.644645751	102.148
-0.4714172	-0.45595518	-0.914865539	101.852
-1.010857	-0.251465915	-1.111397745	101.582
-1.556137	0.001922548	-1.410232355	101.229
-2.098575	0.36853135	-1.735405949	100.754
-2.629492	0.78433026	-2.261009219	100.163
-3.139576	1.508575256	-3.112274233	99.155
-3.620148	1.508908147	-4.416275559	97.72
-4.062368	2.807493782	-6.106518654	95.858
-4.458031	3.584790979	-8.079627064	94.423
-4.800824	4.472972853	-10.06508144	92.873
-5.084906	6.908424752	-12.22672574	90.717
-5.304753	9.227909351	-14.27127195	88.716
-5.456737	10.67591139	-15.75626582	86.773
-5.539751	12.24806544	-16.52680368	84.944
-5.55506	12.50546852	-16.02459444	84.854
-5.502032	11.95012783	-13.26261651	86.33
-5.38903	8.88178732	-8.151638039	91.102
-5.217634	4.749213274	-4.484360179	96.457
-4.986739	1.63250753	-2.740477411	100.155
-4.696344	0.081238741	-2.105283777	101.918
-4.349607	-0.628222515	-1.773667544	102.738
-3.951104	0.039296845	-1.517109466	103.156
-3.507146	-0.245945698	-1.337837093	103.501
-3.024839	-0.513852365	-1.133557096	103.837
-2.511125	-0.783146189	-0.933438567	104.173
-1.974368	-0.87957687	-0.706730609	104.345
-1.422935	-0.059865071	-0.533595214	104.583
-0.8651868	-0.26509723	-0.28829169	104.87
-0.3101222	-0.364680865	-0.071042596	105.042
0.2334203	-0.376520156	0.262439531	105.165
0.7562892	-0.496058952	0.569823145	105.387
1.250749	0.474546622	0.946639866	105.542
1.707962	0.593155569	1.623466708	105.649
2.119565	2.083244742	3.141734226	104.665
2.477034	3.359079833	5.4662395	103.164
2.772952	4.141882395	8.405647186	103.361
3.001165	7.569680739	11.38404222	100.926
3.158357	8.73107256	13.61421768	100.508
3.243424	8.819448826	14.71334648	99.786
3.258575	8.686539244	13.96961773	99.671
3.208071	6.46412673	8.09138019	99.934
3.102488	3.241755039	2.507265118	101.295
2.936142	1.606357144	1.117071431	102.467
2.704932	1.089172955	0.723518866	102.853
2.411223	-0.191897315	0.444308055	103.041
2.059119	-0.114552884	0.235341349	102.894
1.65525	-0.053	0	102.754
1.204349	-0.018305788	-0.189917365	102.656
0.7144645	0.156693135	-0.426920596	102.402
0.1928596	0.280991672	-0.621024983	102.213
-0.3519449	-0.596441134	-0.817323402	102.025
-0.91206	-0.308103569	-1.110310706	101.639
-1.478173	-0.154760184	-1.337280551	101.41
-2.0416	0.344200711	-1.685397867	100.795
-2.593351	0.81703026	-2.210909221	100.147
-3.12332	1.452258431	-3.062224707	99.228
-3.622358	1.517476358	-4.366570927	97.728
-4.081624	1.954321483	-6.15503555	96.695
-4.493384	3.206211277	-8.156366169	94.776
-4.849748	5.430494416	-10.11751675	92.898
-5.144877	7.618233856	-12.26029843	90.996
-5.373879	9.470026239	-14.38192128	88.437
-5.533123	10.75957862	-16.02126413	86.601
-5.620083	12.22519378	-16.74241867	84.895
-5.636339	12.5334794	-16.18656179	84.772
-5.582047	11.94428205	-13.60115384	86.223
-5.464943	8.838037735	-8.282886794	91.102
-5.287076	4.58421603	-4.463351909	96.629
-5.047658	1.418149541	-2.792551377	100.352
-4.746058	-0.107926037	-2.132778111	102.098
-4.385748	0.305493617	-1.750519149	102.812
-3.972252	-0.141572348	-1.543717043	103.328
-3.511092	-0.377108169	-1.314324508	103.64
-3.010003	-0.669797953	-1.133393859	103.993
-2.476403	-0.823624593	-0.88387378	104.23
-1.918814	0.021551469	-0.706345593	104.444
-1.345916	-0.240495169	-0.484485508	104.78
-0.7668638	-0.372357261	-0.265071782	104.985
-0.1906499	-0.448	0	105.149
0.3740417	-0.631683847	0.309948459	105.436
0.9172676	0.289377901	0.664133702	105.633
1.430352	0.28445228	0.967356839	105.739
1.905715	0.378051586	1.692154758	105.887
2.333573	1.40860053	3.181801589	104.353
2.705405	1.968195856	5.475587569	104.558
3.013633	4.412483033	8.431449099	103.099
3.251631	7.083223653	11.37667096	101.41
3.416715	7.247853689	13.76356107	101.041
3.506516	8.62953671	14.92961013	100.048
3.523876	8.636043423	14.16313027	99.786
3.47211	6.197409472	8.323228415	99.278
3.363527	3.361316768	2.568950305	100.196
3.191184	1.095232663	1.182697989	102
2.951767	0.529654223	0.814962668	102.443
2.647167	0.70793522	0.53680566	102.172
2.283069	0.580575018	0.328725054	102.23
1.864049	0.437441212	0.094323635	102.295
1.396892	0.57992668	-0.11721996	102.082
0.8890175	-0.220302746	-0.330908239	101.811
0.3481586	-0.13775911	-0.524277331	101.664
-0.2170069	0.068374726	-0.790875823	101.369
-0.7979546	0.323110903	-1.037667292	101.032
-1.384741	0.469650232	-1.336049303	100.786
-1.969161	-0.155065865	-1.635197595	100.311
-2.540796	0.37605323	-2.18384031	99.597
-3.090178	0.050586479	-3.061240563	99.63
-3.608154	1.985078541	-4.415764376	98.244
-4.084937	2.592908758	-6.255273727	97.023
-4.51106	3.524525455	-8.308423635	95.407
-4.880839	5.125173813	-10.31947856	93.136
-5.187806	7.779163767	-12.4675087	90.766
-5.425803	9.785110114	-14.61566966	88.044
-5.591043	11.73189034	-16.20632899	85.567
-5.682108	12.0392301	-17.05430969	84.977
-5.699468	12.35470799	-16.57587602	84.821
-5.643599	13.11454605	-13.58236186	86.059
-5.632078	12.85814482	-12.89956555	86.543
