0;99.698;0;0
0.000159163;99.71364902;-0.223052928;-0.09
0.000159163;99.64022267;-0.272331983;-0.033
0.00157804;99.67386925;-0.246392243;-0.058
0.004891341;100.0332088;1.029626316;0.008
0.009939904;100.802439;3.091316902;-0.074
0.01767094;101.686753;5.990258995;0.008
0.02824167;103.0200979;9.915293748;-0.017
0.04165016;104.656007;14.77502096;-0.033
0.05632224;106.0870613;19.23918397;0.024
0.0716271;107.4109506;23.33385189;0.065
0.08740361;108.7171422;27.27942668;0.074
0.1012857;109.885879;30.56363704;0
0.1139081;110.6361149;32.96134458;0.049
0.1247933;111.1754382;34.75031446;0.106
0.1342596;111.6883016;36.09390492;0.041
0.1404126;111.7861905;36.53457146;0.09
0.1448303;111.7604214;36.55626419;0.123
0.14688;111.5723789;36.04013675;0.139
0.1464064;111.2372871;35.13386131;0.172
0.1424623;110.8863799;34.08113979;0.172
0.1359948;110.4949151;32.93074515;0.18
0.1254241;109.9724008;31.48620234;0.221
0.1124873;108.2160158;26.41504753;0.287
0.09907683;106.5325425;21.24162738;0.246
0.08472113;104.6770453;15.77413587;0.279
0.06957544;103.0829971;10.99199129;0.279
0.05379893;101.3251963;5.889589002;0.336
0.03723437;99.78731973;1.005959183;0.246
0.02003703;98.0206441;-4.123067707;0.303
0.00236803;96.51467231;-8.493983064;0.352
-0.01546013;95.19582161;-12.39953517;0.369
-0.03439273;94.04103861;-15.91488418;0.352
-0.05363977;93.7525749;-16.5822753;0.418
-0.07414846;92.12986431;-21.42640707;0.426
-0.0929219;90.98972208;-24.84683376;0.426
-0.1104356;90.07060587;-27.67618239;0.402
-0.1263694;88.32384973;-29.8204508;0.434
-0.1408842;87.66606355;-31.52080935;0.525
-0.1530311;87.32057337;-32.7792799;0.451
-0.1629709;87.03189934;-33.54630197;0.484
-0.1707;86.8598107;-33.99056791;0.508
-0.1754342;86.71099907;-34.2390028;0.574
-0.1770122;86.76864124;-34.04207628;0.582
-0.1754342;86.86725641;-33.62323078;0.623
-0.1697548;87.08047737;-33.03156789;0.607
-0.1599721;87.33677833;-32.41266501;0.557
-0.1465636;88.12470114;-29.99789659;0.574
-0.1303135;89.4376118;-26.03516461;0.582
-0.1123281;90.97158435;-21.38524695;0.598
-0.09371188;92.28336663;-17.12890012;0.705
-0.07320125;93.98885268;-12.08744195;0.68
-0.05237617;95.61891769;-7.245246937;0.664
-0.03013221;96.77299144;-3.33902569;0.812
-0.006941046;98.50816166;1.644484972;0.738
0.01561929;100.1616101;7.045830158;0.885
0.03770603;101.9280051;12.29701518;0.869
0.05853111;103.6033101;17.66793044;0.984
0.07714732;105.2216963;22.30108893;0.91
0.09450188;106.5691966;26.54158981;0.976
0.1090167;107.6394161;29.94724825;1.041
0.1225844;108.5702114;32.8626343;1.082
0.1336287;109.2631679;34.94150365;1.082
0.1424623;109.7363074;36.50792207;1.131
0.1487744;109.9647391;37.31621718;1.172
0.1525594;109.987642;37.53492607;1.222
0.1536638;109.7423218;36.96996534;1.279
0.1525594;109.3904983;36.13649499;1.353
0.1475108;108.8841576;35.13347273;1.525
0.1394653;108.410491;34.1054729;1.656
0.1276329;107.1771668;30.89750026;1.82
0.1146961;105.1345711;25.67871336;2.123
0.1004976;103.2785668;20.55470035;2.271
0.08550918;101.3081173;15.42935177;2.533
0.06925906;99.36100762;10.23002287;2.747
0.05143284;97.48091171;4.80873514;2.82
0.03344746;95.64805357;-0.344839278;2.935
0.01435764;93.69226948;-5.399191569;3.206
-0.005520228;92.07964054;-9.820078371;3.345
-0.02681891;91.31738051;-11.61485848;3.509
-0.05032647;89.6618007;-16.23659791;3.624
-0.07257042;87.80119035;-21.44942894;3.747
-0.0938691;86.32432342;-25.53502974;3.862
-0.1143797;85.0611881;-28.9314357;3.993
-0.1333104;84.0262012;-31.5443964;4.157
-0.1517694;83.19624545;-33.64126365;4.288
-0.1681767;82.57117926;-35.09646222;4.428
-0.183006;82.06156291;-36.30731126;4.534
-0.195312;81.61714813;-37.14855561;4.698
-0.2055664;81.18902192;-37.71893425;4.936
-0.2126666;80.97576801;-38.06469597;5.034
-0.2159799;80.80327228;-37.96718315;5.239
-0.2158227;80.86012063;-37.5746381;5.313
-0.2110886;80.8525816;-37.00625519;5.51
-0.2020959;80.82916209;-36.58451374;5.674
-0.1882138;81.24863155;-34.71110536;5.879
-0.1710164;82.39078681;-31.06263958;5.953
-0.1511386;83.69580661;-26.67958016;6.109
-0.1295235;85.1897782;-21.60966539;6.305
-0.1066487;86.75509926;-16.27170223;6.519
-0.08266754;88.36243352;-11.27869945;6.576
-0.05711029;89.64891107;-6.459266799;6.896
-0.03076304;90.90968768;-1.98993695;7.125
-0.003627745;92.69333812;3.805014347;7.273
0.0227195;94.41960875;9.622826253;7.486
0.04796232;96.04623999;15.24071996;7.732
0.07099432;97.55678041;20.63334124;8.019
0.09276661;99.00286152;25.73358455;8.273
0.11154;100.1689362;29.96980852;8.519
0.1281065;101.0902014;33.39960422;8.741
0.1424623;101.7249104;36.04173123;8.987
0.1533494;102.0587194;37.85315809;9.257
0.1628137;102.3097888;39.07436629;9.413
0.1688095;102.1603625;39.53808748;9.717
0.1719656;101.8731495;39.43844852;9.971
0.1721228;101.4560198;38.70305936;10.143
0.1688095;100.7939683;37.74890487;10.487
0.1613948;100.2541998;36.64859945;10.66
0.1498769;99.20852001;34.49556004;10.988
0.136152;97.39508546;29.32525639;11.078
0.1206919;95.32833402;23.81200207;11.307
0.1042846;93.18625246;18.19875738;11.578
0.08661362;90.86453722;12.16661166;11.889
0.06847101;88.77868682;6.674060458;12.144
0.04843398;86.65970062;1.055101846;12.39
0.0276089;84.83654752;-4.195357434;12.463
0.006152997;83.03481536;-8.934553918;12.685
-0.01719539;82.16582141;-11.00153578;12.865
-0.04385709;80.5181407;-15.52457789;13.005
-0.06878546;78.46134648;-21.25396057;13.152
-0.09308106;76.86194873;-25.5841538;13.308
-0.1165867;75.55685656;-29.27743032;13.382
-0.1386753;74.36656248;-32.08631256;13.636
-0.1599721;73.58536315;-34.47791056;13.62
-0.1795355;72.79580578;-36.10858267;13.866
-0.1975209;72.29332569;-37.46902293;13.915
-0.2131402;71.87347808;-38.41056576;14.021
-0.226077;71.47879418;-38.97961745;14.226
-0.2361741;71.23869396;-39.27991811;14.366
-0.2423271;71.18935645;-39.23293066;14.431
-0.2446932;71.17224756;-39.06225733;14.505
-0.2423271;71.16408442;-38.64274674;14.653
-0.2349105;71.22322243;-38.1953327;14.743
-0.2222901;71.28251412;-37.60045765;14.882
-0.2047783;72.09646166;-34.78961502;15.005
-0.1836369;73.40152056;-30.60143831;15.096
-0.1602885;74.90452369;-25.72342893;15.219
-0.1350457;76.52986439;-20.38240682;15.374
-0.1082267;78.21126333;-14.77121002;15.563
-0.07998507;79.8750521;-9.188843707;15.76
-0.05127368;81.21009574;-4.691712793;15.924
-0.02082314;82.6258546;0.194563808;16.137
0.009466298;84.5568761;6.431628308;16.285
0.03865324;86.39730264;12.78690791;16.563
0.06610493;88.04762627;18.28087881;16.744
0.09134774;89.7629002;23.96670061;16.924
0.1140653;91.09303421;28.84210262;17.219
0.1344168;92.20968417;32.88205251;17.449
0.1514549;92.95885476;35.86756428;17.695
0.1659698;93.47112026;38.09436077;17.925
0.177645;93.68015487;39.7054646;18.253
0.1860068;93.85110042;40.68330126;18.408
0.1913698;93.69413662;41.02540986;18.679
0.1929479;93.2432073;40.50962191;18.958
0.1904226;92.58050921;39.52952762;19.294
0.1844288;92.05831182;38.45493545;19.458
0.1737008;91.38084875;36.96254626;19.638
0.1598168;89.46158772;31.81976315;19.843
0.1440403;87.30464548;26.03893645;20.073
0.1270021;85.30233114;20.67099341;20.286
0.1082287;83.07868187;14.6900456;20.516
0.08819166;80.83907383;8.388221494;20.655
0.06768297;78.59028732;2.280861949;20.868
0.04559429;76.65192864;-3.090214084;21.016
0.02192951;74.84265631;-7.927031069;21.213
-0.003154139;73.6797012;-11.1218964;21.311
-0.03107943;72.40178382;-14.56264854;21.442
-0.05916194;70.26191916;-20.53824252;21.59
-0.08598085;68.57263743;-25.23708771;21.713
-0.1126425;67.34136971;-28.66089086;21.803
-0.1382017;66.24085863;-31.8394241;21.844
-0.1628118;65.42673723;-34.35678832;21.819
-0.1855313;64.61217163;-36.20948512;22.016
-0.2069872;64.08384365;-37.71946906;22.041
-0.2263914;63.70486997;-38.70939008;22.09
-0.2426416;63.40698407;-39.48004779;22.131
-0.2555784;63.14346852;-39.97659445;22.229
-0.2642567;63.0843754;-40.07887381;22.254
-0.2693033;63.0009755;-40.00807349;22.361
-0.2694624;63.09958029;-39.68825913;22.369
-0.2642567;63.24849551;-39.24151348;22.369
-0.2538431;63.25839963;-38.81880112;22.5
-0.236805;63.83468608;-37.13794175;22.484
-0.2164535;64.94449644;-33.24451067;22.672
-0.1923151;66.48068266;-28.58495203;22.689
-0.1659679;68.07319508;-23.53741477;22.779
-0.1375709;69.85444438;-17.82466687;22.902
-0.107594;71.51892501;-12.21622497;23.107
-0.07698816;73.16665368;-7.003038965;23.197
-0.04385709;74.22379115;-3.06962655;23.451
-0.01009518;76.17050141;3.190504216;23.591
0.02303395;78.12633078;9.47499233;23.73
0.05427254;79.71944348;15.11533043;24.017
0.08377393;81.59062706;21.24488119;24.189
0.110752;83.14175756;26.53727269;24.402
0.134574;84.42225958;30.99377873;24.607
0.1555582;85.37506835;34.64120504;24.87
0.1733845;86.10807124;37.35621373;25.042
0.1882157;86.66059155;39.62877464;25.247
0.1989437;86.78852396;40.82557189;25.518
0.2063583;86.80314538;41.50843613;25.731
0.2099861;86.4666828;41.26104839;25.985
0.2093552;86.04998751;40.50296252;26.149
0.2044639;85.33049768;39.45149303;26.518
0.195314;84.75094229;38.20482688;26.682
0.1815891;83.16736867;33.946106;26.846
0.1656534;81.01030879;28.31192637;27.125
0.1481416;78.96902305;22.48206914;27.223
0.1288946;76.70534106;16.55202317;27.51
0.1077551;74.56414758;10.35044275;27.584
0.08550918;72.43771575;4.610147262;27.797
0.06168719;70.04930073;-1.988097815;27.986
0.0370752;68.24143461;-7.264696182;28.035
0.01041351;66.84975239;-10.82474284;28.24
-0.01877343;65.68567024;-13.97198929;28.355
-0.04890565;63.80131373;-19.4540588;28.412
-0.07872342;62.14439547;-24.17881359;28.494
-0.108384;61.03537366;-27.62887902;28.453
-0.1370973;59.76329287;-31.0521214;28.584
-0.1650207;58.7927224;-33.74183279;28.658
-0.1912107;57.99394578;-35.79316266;28.773
-0.2159799;57.49848666;-37.42654003;28.724
-0.2386975;56.88022271;-38.88833188;28.855
-0.2582609;56.67319485;-39.60841546;28.822
-0.273721;56.50685931;-39.96042206;28.871
-0.2861842;56.26656;-40.28532001;29.003
-0.2940725;56.27469993;-40.31190021;28.986
-0.2969122;56.38854906;-40.14135283;28.929
-0.2945461;56.43066308;-39.74501076;29.019
-0.2861842;56.55396462;-39.27610615;29.052
-0.2710405;56.72092388;-38.70322837;29.076
-0.2510034;58.07725078;-34.53524766;29.109
-0.2271814;59.28570736;-30.95787792;29.093
-0.2002034;60.81437997;-26.2248601;29.142
-0.1708592;62.54600441;-20.80798678;29.216
-0.1393062;64.27844999;-15.29265004;29.322
-0.1061751;66.07325588;-9.635232375;29.413
-0.07130877;67.31172749;-5.403817527;29.585
-0.03470717;68.85913576;-0.098592732;29.806
0.001420818;70.70843217;5.965296519;29.978
0.03691798;72.67913404;12.12340213;30.06
0.07052266;74.3214531;17.93535929;30.355
0.1016021;75.97084669;23.47454006;30.552
0.1296846;77.44732935;28.51898805;30.757
0.1549255;78.56302747;32.58008241;30.995
0.1763833;79.45110263;35.83530788;31.192
0.1948404;80.09318595;38.35255784;31.389
0.2087244;80.41717115;40.08651345;31.643
0.2189787;80.54527206;41.10981617;31.856
0.2248154;80.33965446;41.32996337;32.135
0.2263934;80.00376589;40.73929766;32.274
0.2243437;79.42375799;39.86027396;32.561
0.216139;78.77856734;38.66270203;32.807
0.2035186;77.72538575;35.87215726;32.93
0.1875829;75.47972665;29.99617996;33.217
0.1702303;73.19299879;23.75099638;33.422
0.1505097;71.08547111;18.01941334;33.619
0.1290538;68.80541021;11.52423063;33.734
0.106177;66.4596694;5.174008207;33.963
0.08172422;64.32566902;-0.735992929;34.127
0.0560078;62.39473278;-6.306801653;34.201
0.02808251;60.92936603;-10.21090192;34.365
-0.002996917;60.08542097;-12.66773709;34.39
-0.03549716;58.05304287;-18.20087139;34.578
-0.06799547;56.35515594;-23.09653218;34.644
-0.1008102;55.09962147;-26.6921356;34.701
-0.1329959;53.91615931;-30.09252208;34.751
-0.1640754;52.98682183;-32.73353452;34.8
-0.1942076;52.12251401;-34.95745798;34.923
-0.2227637;51.60225775;-36.74022674;34.849
-0.2487946;51.17199402;-38.05501793;34.841
-0.2726166;50.85744775;-38.77665674;34.915
-0.2923372;50.65860514;-39.42418458;34.898
-0.3081137;50.48439385;-39.79981844;34.947
-0.3193153;50.42499689;-40.00200933;34.939
-0.3253111;50.4400062;-39.98098141;34.931
-0.3262583;50.48108672;-39.71073985;34.98
-0.3205769;50.69514796;-39.26355613;34.915
-0.3084301;50.84459033;-38.66822901;34.964
-0.2901284;51.59419997;-36.4944001;34.939
-0.267568;52.79529054;-32.64512838;35.021
-0.2401183;54.20913656;-28.59859032;34.956
-0.2098269;55.87688419;-23.47234744;34.997
-0.1765386;57.57703357;-18.27589929;35.029
-0.1408842;59.31759875;-12.68520376;35.152
-0.1039662;60.91610942;-7.469671752;35.292
-0.06547216;62.07150069;-3.511497926;35.456
-0.02524087;63.83049941;2.503498237;35.702
0.01451486;65.59787999;8.150639971;35.817
0.05222089;67.30624708;13.93874123;36.038
0.08819166;69.12769361;19.94308082;36.218
0.1211655;70.64518013;25.1615404;36.44
0.1511405;72.04823259;29.76369778;36.571
0.1771714;73.12308829;33.60326487;36.776
0.1991009;73.83837353;36.7331206;37.104
0.2170863;74.33292684;38.95478052;37.35
0.2308111;75.5511562;40.32346861;37.588
0.2398038;75.60626278;41.02878834;37.768
0.2439052;75.34339317;40.80717951;37.957
0.2434335;74.75521587;39.85264761;38.227
0.2380686;74.14188474;38.72665423;38.465
0.2270242;73.4479219;37.45776569;38.736
0.2114069;71.39067375;32.00002125;38.974
0.1934215;69.04719607;25.6325882;39.195
0.1740153;66.73654847;19.0456454;39.31
0.1522449;64.45662963;12.8448889;39.523
0.1285802;62.26629581;6.765887423;39.687
0.1028637;60.16487398;1.199621941;39.933
0.07493845;58.07222312;-4.95533064;39.974
0.04527985;56.32908073;-9.791757812;40.105
0.01341043;55.4842933;-11.63612011;40.335
-0.02224396;53.62473356;-16.96879932;40.417
-0.05758389;51.96064586;-21.74206243;40.49
-0.0933955;50.58959668;-25.73220996;40.531
-0.1287354;49.48049131;-28.81352607;40.613
-0.163759;48.52575687;-31.6267294;40.63
-0.1978373;47.70991428;-33.82825715;40.712
-0.2303356;47.12447828;-35.63556517;40.695
-0.2604697;46.64477347;-36.9516796;40.736
-0.2880786;46.29597068;-37.97108796;40.745
-0.312217;46.10458142;-38.62025574;40.72
-0.3320949;45.95456917;-39.0702925;40.72
-0.3473978;45.75568194;-39.37295418;40.818
-0.3570213;45.86893823;-39.4261853;40.687
-0.3612818;45.86835182;-39.32894453;40.72
-0.3587566;46.04869677;-38.93490968;40.671
-0.3502375;46.19747819;-38.51256544;40.663
-0.3339874;46.57020272;-37.22339185;40.72
-0.3119006;47.59064623;-34.30906131;40.671
-0.2849226;48.78382442;-30.50752675;40.745
-0.2543167;50.28813323;-25.99460031;40.745
-0.2196076;51.98098102;-21.03905693;40.704
-0.1825324;53.49309535;-15.83971396;40.925
-0.1426195;55.32255432;-10.22833703;40.966
-0.1017574;56.56172732;-5.994818043;41.138
-0.05868833;57.95374219;-1.302773432;41.31
-0.01514375;59.69705299;4.54215897;41.515
0.02729446;61.43892659;10.35877977;41.712
0.06847101;63.08031562;15.82594686;41.893
0.1068079;64.77822034;21.55866103;42.106
0.1416742;66.25524932;26.50574795;42.278
0.1727536;67.37915413;30.66346238;42.54
0.2002053;68.3881502;34.28145061;42.737
0.2224493;69.0054422;36.89532661;42.991
0.239961;69.38563987;38.72591962;43.221
0.2527407;69.48159157;39.7997747;43.483
0.2604717;69.35700938;40.16402813;43.729
0.2628378;69.04571568;39.59914705;43.852
0.2596817;68.49794359;38.64583078;44.082
0.2510054;67.88568221;37.47204664;44.303
0.2360169;66.34378447;33.31435341;44.459
0.2185051;64.11414604;27.41443812;44.722
0.1981537;61.88612646;21.17137938;44.869
0.1760669;59.40323202;14.43669605;45.107
0.1516141;57.35230647;8.628919395;45.222
0.1244769;55.08003244;2.352097315;45.402
0.09544909;52.9309666;-3.726100193;45.525
0.06405327;51.21977892;-8.514663233;45.64
0.02981777;49.97542195;-12.02573415;45.714
-0.007255489;48.59854204;-15.73937388;45.853
-0.04575151;46.98335691;-20.31492927;45.943
-0.08487642;45.58780678;-24.25557966;46.025
-0.1243177;44.57724504;-27.31126488;46.017
-0.1634445;43.58156237;-30.05231288;46.099
-0.2020959;42.65023445;-32.42629665;46.239
-0.2391711;41.99047227;-34.33358318;46.263
-0.2740374;40.54282765;-35.70051705;46.255
-0.3063785;40.26871239;-36.74486282;46.181
-0.3350918;39.9931774;-37.52046779;46.198
-0.359861;39.85842573;-38.0477228;46.157
-0.3794245;39.69172185;-38.42483444;46.198
-0.3936229;39.64162539;-38.60212384;46.189
-0.401354;39.69761918;-38.50614247;46.165
-0.4030892;39.82136785;-38.30889645;46.107
-0.3974098;39.92815573;-37.9135328;46.132
-0.3841566;40.15153;-37.39041001;46.083
-0.3639624;40.77060855;-35.09217436;46.23
-0.3382479;42.04631979;-31.48404062;46.157
-0.3076421;43.45319162;-27.60842513;46.042
-0.2729329;44.86780258;-22.99559225;46.165
-0.2344389;46.53590729;-18.13827814;46.116
-0.1929459;48.15465183;-12.98804452;46.214
-0.1492441;49.6076814;-7.989955814;46.427
-0.1034926;50.70626416;-4.520207506;46.485
-0.05584864;52.3027608;0.908282392;46.698
-0.008519086;53.97161551;6.40684652;46.862
0.03802241;55.60727295;11.92881885;47.067
0.08172422;57.19127794;17.29583383;47.272
0.1229008;58.74928255;22.46184765;47.436
0.1598168;60.10235135;27.11205405;47.633
0.1926315;62.14504296;31.07412889;47.911
0.220714;63.05603818;34.25111455;48.059
0.2434335;63.53338875;36.52016626;48.338
0.2607861;63.85806035;38.05818106;48.526
0.2729349;63.95328105;38.95884314;48.731
0.2787715;63.66552101;38.95656304;49.018
0.2789307;63.29727096;38.09781288;49.1
0.2730921;62.72572283;36.99816849;49.305
0.2603125;61.73063239;34.87389717;49.592
0.2429599;59.65786864;29.27060591;49.797
0.2229229;57.36405613;22.90516839;49.969
0.2000481;54.99649643;16.12348929;50.076
0.1746461;51.71729722;9.729891671;50.224
0.1467228;49.26602936;3.087088089;50.461
0.1164314;47.27159714;-2.650208574;50.543
0.08345948;45.46394586;-7.554162426;50.716
0.04764593;44.10545854;-11.53362438;50.748
0.008047421;43.03988793;-14.48433622;50.83
-0.03360274;41.36711266;-19.08266201;50.97
-0.07635733;39.99537217;-22.72988349;51.126
-0.1197428;38.93631229;-25.83506312;51.15
-0.1632854;38.09604996;-28.35585011;51.15
-0.2069872;37.32034605;-30.63196185;51.167
-0.2494254;36.59419427;-32.5404172;51.257
-0.2896567;36.06435564;-34.03093307;51.29
-0.3272035;35.64993247;-35.1782026;51.322
-0.3611227;35.44044595;-36.02566215;51.249
-0.3912568;35.24814075;-36.65357776;51.232
-0.416026;35.07235497;-37.08193509;51.265
-0.4347995;35.02924229;-37.40927313;51.199
-0.4472627;35.01869489;-37.41391534;51.208
-0.4532585;35.09976666;-37.39270002;51.134
-0.4519968;35.17442783;-37.04571652;51.175
-0.442845;35.24117857;-36.69846428;51.224
-0.4243879;35.73744969;-35.30865092;51.191
-0.4002495;36.72536753;-32.53989741;51.126
-0.3702745;37.86307658;-29.15377027;51.117
-0.335251;39.31159627;-24.70921119;51.15
-0.2953361;40.71018482;-20.43844553;51.175
-0.2517915;42.29718126;-15.72845621;51.158
-0.2054092;43.85004385;-10.94686845;51.199
-0.1565016;45.11275694;-6.639729194;51.372
-0.1052279;46.30130562;-2.804083132;51.462
-0.05237617;47.89050578;2.431517328;51.618
-0.000945271;49.3792534;7.635760212;51.864
0.0498548;50.9154979;12.98249369;52.11
0.09734157;52.47467408;18.20002224;52.29
0.1410434;53.91032164;22.92396493;52.429
0.1809583;55.08286087;27.23058261;52.692
0.215351;56.05872994;30.82118981;52.913
0.244536;56.82252933;33.58058798;53.069
0.2677291;57.27540236;35.62920709;53.299
0.2849245;57.48598283;36.8489485;53.495
0.295338;57.38485913;37.3105774;53.75
0.3000702;57.16376037;37.1122811;53.905
0.2978613;56.5748368;35.93651039;54.102
0.288395;56.02773883;34.8382165;54.283
0.2723041;54.49548804;30.82946411;54.479
0.2524243;52.21824601;24.39373804;54.611
0.2290759;49.81920427;17.88361281;54.84
0.2032022;47.47498605;11.31895815;54.996
0.1741744;45.19653464;4.999603923;55.168
0.1419886;43.08737761;-0.85986717;55.324
0.1068079;41.08480211;-6.474593668;55.455
0.06862824;39.57040432;-10.77178704;55.537
0.02650641;38.71771233;-13.00886302;55.644
-0.01845705;37.03744146;-17.53367562;55.816
-0.06547216;35.86289255;-21.10532235;55.8
-0.1134325;34.81928011;-24.06515968;55.857
-0.1624973;33.84849777;-26.56050668;55.996
-0.2110886;33.08031139;-28.71506583;56.046
-0.2593653;32.44447797;-30.5985661;56.054
-0.306064;31.93901238;-32.16596286;56.037
-0.3496067;31.46667283;-33.38498152;56.103
-0.3896788;31.1747789;-34.33566331;56.078
-0.4254923;31.03842987;-35.0147104;55.988
-0.4564146;30.81269069;-35.51792794;56.046
-0.4808674;30.77745264;-35.89664209;55.955
-0.4986955;30.66047656;-36.12457031;55.996
-0.5091071;30.64271903;-36.17784292;55.996
-0.512104;30.75655367;-35.88433898;55.98
-0.506741;30.88007017;-35.5617895;55.964
-0.4926997;30.9731116;-35.08766521;56.029
-0.4704539;31.76425724;-32.90922829;55.964
-0.4417424;32.73853665;-29.71639006;56.054
-0.4064025;34.0404818;-25.98455461;55.996
-0.3661712;35.48129431;-21.80911706;55.947
-0.3210506;36.92167606;-17.38897181;55.98
-0.2724594;38.2458602;-13.24541939;56.037
-0.2200812;39.6099502;-9.030149391;56.078
-0.1648634;40.63688928;-5.580332166;56.201
-0.107594;41.93897402;-1.25407793;56.341
-0.04937926;43.42961464;3.658843905;56.488
0.007573815;44.78623614;8.664708416;56.8
0.06231802;46.31408838;13.56926514;56.907
0.1142225;47.74209487;18.49228461;57.12
0.1613948;49.07939586;22.94518757;57.267
0.2035186;50.14460958;27.00182874;57.554
0.2401202;50.94908844;30.00626532;57.751
0.2708833;51.62241488;32.54224464;57.923
0.2943908;51.91222981;34.17668944;58.178
0.3111145;52.12196938;35.07590815;58.268
0.3205789;51.96448411;35.34145232;58.514
0.3231041;51.48182069;34.65546208;58.768
0.3180556;51.0088977;33.5816931;58.883
0.3049615;51.40606488;32.33719463;59.071
0.2855553;49.24413952;26.41841857;59.26
0.2622069;46.70661705;19.29785116;59.424
0.2355452;44.4044453;12.88333591;59.588
0.2057275;41.15121827;6.540654807;59.727
0.17228;38.89612756;0.243382671;59.883
0.1350476;37.1154081;-5.05077569;59.899
0.09402827;35.37991198;-9.468264074;60.162
0.05001202;34.27469088;-12.48992736;60.26
0.00078999;32.98784468;-16.08046597;60.35
-0.05064091;31.70676653;-19.50370041;60.49
-0.1033354;30.77732018;-22.29203946;60.49
-0.1579224;29.91239854;-24.59280437;60.588
-0.2128238;29.17766523;-26.72200431;60.613
-0.267568;28.4347982;-28.5336054;60.752
-0.3205769;28.04432649;-30.05002053;60.637
-0.3710626;27.64396931;-31.29909208;60.621
-0.4182349;27.24472331;-32.37383006;60.662
-0.4605159;26.9862026;-33.10139219;60.678
-0.4980628;26.84098003;-33.70805991;60.621
-0.5286705;26.70562989;-34.13811033;60.613
-0.5526497;26.53968173;-34.44095482;60.678
-0.5685854;26.55347771;-34.61856687;60.605
-0.5760001;26.58545441;-34.59763676;60.58
-0.5753692;27.79169242;-34.20092275;60.506
-0.5651129;27.89927608;-33.92617176;60.49
-0.5455515;28.18160588;-32.78518236;60.588
-0.518257;29.13874285;-30.01277144;60.555
-0.4840235;30.30941398;-26.47375806;60.564
-0.4431613;31.62128421;-22.68814736;60.514
-0.396779;32.82379735;-18.93060795;60.564
-0.3451889;34.10870986;-15.10287042;60.555
-0.2893403;35.31881437;-11.22655689;60.637
-0.2300211;36.56742849;-7.234714524;60.719
-0.1680195;37.52787506;-3.933374818;60.859
-0.103809;38.73289326;0.368679779;61.088
-0.04022934;40.09946371;4.888391135;61.228
0.0222459;41.48898039;9.596941166;61.408
0.08219589;42.77810563;14.2533169;61.671
0.1378873;44.07524953;18.68474859;61.851
0.1888465;45.21534044;22.76802131;62.072
0.2339672;46.21491949;26.33375848;62.261
0.2723041;46.79661329;29.13783986;62.614
0.3036979;47.57753291;31.35759872;62.573
0.3278363;47.76133785;32.67101356;62.827
0.3431392;47.68461486;33.30184458;63.114
0.3513439;47.45406965;33.34820895;63.36
0.3515011;46.94752392;32.44357177;63.565
0.3423512;46.37636982;31.19810947;63.721
0.3251558;45.17084845;28.29254535;63.958
0.3022791;42.78927064;21.34581193;64.024
0.2756174;40.169765;14.078295;64.221
0.2451688;37.76183082;7.469492451;64.426
0.2103024;35.63963869;1.420916056;64.532
0.1716492;33.69452464;-4.018426083;64.664
0.128421;32.17386264;-8.286412086;64.762
0.0803034;30.80685953;-11.97042141;64.901
0.0276089;29.69072307;-14.72783079;65.098
-0.02792335;28.5578713;-17.88038609;65.18
-0.08661168;27.67836296;-20.39591112;65.221
-0.1475089;26.71454491;-22.62136526;65.443
-0.2090388;26.14387838;-24.57936485;65.361
-0.2708813;25.45754502;-26.26936494;65.484
-0.3309905;24.94380047;-27.78659858;65.492
-0.389048;24.59323955;-29.06028135;65.418
-0.4442658;24.20147718;-30.13656846;65.451
-0.4942778;23.97402677;-31.0169197;65.385
-0.5389249;23.67357855;-31.77126434;65.434
-0.5769454;23.59475249;-32.22674253;65.361
-0.6073959;23.4762907;-32.6331279;65.344
-0.6293234;23.38350063;-32.81249811;65.377
-0.6425766;23.35752816;-32.86641551;65.385
-0.646678;23.46404351;-32.64586948;65.352
-0.6411558;23.62029922;-32.39610233;65.279
-0.6252221;23.75401316;-32.06996053;65.254
-0.599822;24.4737746;-29.7396762;65.311
-0.5660602;25.48948191;-26.74055426;65.295
-0.5253572;26.65263378;-23.27509866;65.287
-0.4777113;27.67716834;-19.90749498;65.385
-0.4240715;28.97058304;-16.29725087;65.295
-0.3647524;30.10814602;-12.71356195;65.352
-0.3013299;31.25908222;-9.185753347;65.377
-0.2341225;32.22948953;-6.127531408;65.426
-0.1640754;33.3449297;-2.460210888;65.533
-0.09323828;34.53298096;1.619942877;65.705
-0.02271756;35.71969931;5.894097935;65.943
0.04606789;36.96102164;10.20906493;66.14
0.1112256;38.18535784;14.44607351;66.328
0.1716492;39.25975455;18.38326365;66.566
0.2267098;40.38241724;22.19525173;66.714
0.2743538;41.24250496;25.51351488;66.96
0.3147423;41.89934191;28.02402572;67.14
0.3464525;42.31193441;29.85280323;67.337
0.3701173;42.44652658;30.87157974;67.542
0.3844749;42.40358642;31.21075925;67.698
0.3899971;42.03538619;30.71815858;67.902
0.3866838;41.58719132;29.74257395;68.025
0.3734306;41.03187984;28.47263951;68.157
0.3518175;38.92957999;22.68173997;68.329
0.325313;36.6793776;16.05413281;68.37
0.2942336;34.0363323;8.763996908;68.583
0.2584201;31.81598807;2.423964219;68.69
0.2178743;29.8654853;-2.986544095;68.837
0.1719656;28.36074023;-7.425779304;68.862
0.1206919;27.03473192;-10.81280425;69.059
0.06484327;26.09971212;-13.20086364;69.198
0.003313301;25.04955406;-16.12933781;69.272
-0.06121164;24.1532059;-18.62338229;69.337
-0.1285782;23.34648367;-20.67454898;69.46
-0.1975209;22.68515591;-22.48453228;69.518
-0.2670963;22.09743788;-24.05268636;69.583
-0.3357226;21.61539456;-25.47181631;69.592
-0.4024584;21.28948999;-26.74653004;69.493
-0.4657217;20.82267683;-27.84996952;69.592
-0.5242528;20.6035777;-28.82826689;69.485
-0.5774189;20.40854601;-29.58436196;69.428
-0.6231724;20.05905579;-30.23983263;69.559
-0.6610357;19.94815049;-30.67154854;69.526
-0.6903798;19.95293119;-30.97820643;69.419
-0.7097841;19.85131221;-31.13306336;69.469
-0.7192504;19.88388131;-31.08635606;69.452
-0.7186195;19.9746685;-30.8379945;69.444
-0.7064708;20.14899906;-30.51300283;69.378
-0.6837532;20.41573629;-29.46679113;69.46
-0.651253;21.39776259;-26.73971224;69.387
-0.6103928;22.48060907;-23.56617279;69.362
-0.5616424;23.44795726;-20.37012821;69.46
-0.505951;24.56169067;-17.076928;69.444
-0.4434777;25.74120729;-13.85937814;69.337
-0.3753231;26.705429;-10.72071299;69.419
-0.3029079;27.7752463;-7.388261096;69.46
-0.2267078;28.64628082;-4.601157527;69.518
-0.1487725;29.70394713;-1.08315861;69.633
-0.06973073;30.78574632;2.603238958;69.78
0.008204643;31.88175328;6.530259847;69.993
0.08314309;32.99977211;10.37631634;70.157
0.1542946;34.09884732;14.31554197;70.371
0.2194524;35.1652588;18.17777639;70.592
0.2775099;36.12455938;21.47267813;70.731
0.3279955;36.8465851;24.25375531;70.936
0.3694865;37.3545766;26.56672979;71.199
0.4018295;37.70171063;27.87813189;71.289
0.4242307;37.8282854;28.82485619;71.478
0.4365367;37.66309796;28.82129389;71.642
0.4392191;37.22203166;28.03809497;71.822
0.4313309;36.70867146;26.96601438;71.978
0.4123983;35.56797719;23.91293156;72.101
0.3866838;33.2303189;17.19395671;72.199
0.355288;30.69475787;10.0792736;72.363
0.3188436;28.47575191;3.596255742;72.421
0.276089;26.36971977;-2.058840681;72.642
0.2273406;24.81864298;-6.490071049;72.716
0.17307;23.6328841;-9.753347689;72.814
0.11233;22.59228667;-12.48214;72.945
0.04575345;21.76219518;-14.77441445;73.011
-0.02492643;20.98079525;-16.89661426;73.085
-0.09986489;20.24834482;-18.77596554;73.191
-0.1762222;19.66052594;-20.34142218;73.257
-0.254474;19.03191653;-21.8342504;73.388
-0.3317785;18.57505475;-23.18083575;73.396
-0.4079806;18.11758656;-24.43024033;73.437
-0.4803938;17.73295987;-25.5841204;73.437
-0.5485484;17.40571431;-26.58985706;73.429
-0.6102356;17.21072002;-27.39683994;73.355
-0.6646634;16.94168726;-28.05393822;73.405
-0.7110457;16.79798087;-28.5840574;73.372
-0.7476473;15.69512429;-28.99162713;73.339
-0.7743109;15.64295748;-29.27112757;73.298
-0.7897711;15.69874685;-29.30175946;73.232
-0.794346;15.75613145;-29.17760564;73.216
-0.7869314;16.77346745;-28.90359765;73.29
-0.767368;16.94843856;-28.45368431;73.265
-0.7370785;17.86543691;-25.89768927;73.2
-0.69669;18.80949233;-23.21552301;73.15
-0.647468;19.71905906;-20.26482281;73.224
-0.589725;20.66150276;-17.36249171;73.249
-0.5240955;21.64470591;-14.51188228;73.216
-0.4516804;22.67575319;-11.54174044;73.175
-0.3734287;23.57456876;-8.674293709;73.232
-0.2909184;24.34790958;-6.279271262;73.257
-0.2050947;25.39130167;-3.272094996;73.216
-0.1172194;26.25266303;-0.148010901;73.396
-0.02981583;27.33229897;3.486896918;73.528
0.05569141;28.23099971;6.845999134;73.749
0.1375729;29.38927343;10.59082028;73.839
0.213773;30.25169353;14.16208059;74.167
0.2835056;31.1936731;17.5790193;74.364
0.3448764;32.01280616;20.50441849;74.52
0.3974118;32.5625929;22.7927787;74.733
0.4395355;33.07196599;24.73789797;74.872
0.4712458;33.27985523;25.9045657;75.053
0.4915973;33.29337722;26.48513165;75.233
0.5009044;33.11308888;26.21426663;75.323
0.4986975;32.68085541;25.26256623;75.438
0.4851279;32.14279963;24.06839888;75.578
0.4606751;30.27795865;18.71987596;75.66
0.4295956;27.69632352;11.22097055;75.742
0.3925204;25.27551957;4.474558698;75.914
0.3481878;23.40000032;-1.175999043;75.906
0.2975469;21.87447917;-5.629562482;75.947
0.2394894;20.52560376;-9.061188723;76.152
0.1741744;19.69809268;-11.49572197;76.168
0.1022329;18.81217401;-13.43947797;76.406
0.02476921;18.07175614;-15.43873157;76.48
-0.05726751;17.44510255;-17.00069236;76.586
-0.1421459;16.90698379;-18.44104862;76.644
-0.2292311;16.40164028;-19.76207917;76.709
-0.316002;15.9203868;-20.9838396;76.783
-0.401354;15.46267525;-22.20997424;76.832
-0.4844951;15.08596881;-23.28909356;76.849
-0.562116;14.78277251;-24.32168247;76.808
-0.6339003;14.55570621;-25.17688136;76.75
-0.6977944;14.28642706;-25.96071882;76.758
-0.7531695;13.07493783;-26.56818651;76.767
-0.7984493;13.00521176;-26.95136473;76.709
-0.8323684;12.86140099;-27.33179702;76.726
-0.8546124;12.81869078;-27.48692766;76.717
-0.8650259;12.79274475;-27.48976576;76.742
-0.8623434;12.93267679;-27.21696962;76.693
-0.8465669;13.05777002;-26.94068994;76.66
-0.8183272;13.77785317;-25.0504405;76.57
-0.7788859;14.59022376;-22.56532873;76.586
-0.7290311;15.49979195;-19.86062414;76.578
-0.6692383;16.38614598;-17.07856207;76.619
-0.6009265;17.30348362;-14.57254915;76.537
-0.5239364;18.11288601;-11.94634197;76.603
-0.4404789;18.92271014;-9.49286957;76.611
-0.3511847;19.70599735;-7.19400795;76.594
-0.2573137;21.43886717;-4.896398483;76.627
-0.1607621;22.24201437;-2.18995689;76.726
-0.06342051;23.13612418;0.786372547;76.824
0.03313107;23.936913;3.974738993;77.086
0.1262121;24.92481177;7.307435295;77.209
0.2147202;25.8283908;10.51017239;77.373
0.2964424;26.79589401;13.90468204;77.537
0.3696457;27.56571857;16.9281557;77.775
0.4333825;28.28555802;19.65467406;77.964
0.4865487;28.81072417;21.7941725;78.152
0.5278825;29.20579667;23.42339002;78.3
0.5572267;29.33239442;24.17218326;78.423
0.5739504;29.30670004;24.41310012;78.529
0.5785253;28.95495034;23.70285103;78.644
0.5704798;28.49098948;22.63196845;78.751
0.5491812;27.34419157;19.46157472;78.841
0.5187325;25.05725527;12.8467658;78.923
0.4808693;22.59937563;5.521126898;78.939
0.4355914;20.51280626;-0.441581225;79.038
0.3825805;18.92367189;-4.890984339;79.144
0.3212117;17.66557692;-8.296269241;79.267
0.2513218;16.92913288;-10.52960136;79.259
0.1737008;16.18996935;-12.23109194;79.431
0.0892961;15.3842412;-14.08127641;79.62
-0.000314443;14.77503849;-15.49188452;79.759
-0.09434272;14.28621228;-16.76036316;79.825
-0.1905798;13.87084143;-17.8834757;79.866
-0.2877623;13.3645053;-18.9854841;80.005
-0.3839994;13.02939938;-20.08680186;79.973
-0.4772396;12.71163957;-21.06708128;79.964
-0.5662174;12.34290192;-22.07429423;79.997
-0.6484132;12.13016546;-22.98250361;79.907
-0.7227209;10.83611315;-23.84066056;79.915
-0.7878786;10.59217366;-24.44947901;79.956
-0.8424656;10.42241874;-25.00674379;79.94
-0.8847466;10.3519216;-25.3652352;79.891
-0.9145643;10.2188352;-25.66849439;79.923
-0.9304981;10.29090498;-25.72228507;79.833
-0.9339686;10.34778308;-25.50065077;79.85
-0.922767;10.32561638;-25.24915087;79.956
-0.8968934;10.88722369;-23.98132892;79.817
-0.8583993;11.60877616;-21.81667151;79.817
-0.8080729;12.49518859;-19.37943423;79.743
-0.7468593;13.2823056;-17.04208321;79.735
-0.6749178;14.13544822;-14.53365533;79.718
-0.5936691;14.90467687;-12.22596939;79.718
-0.5042158;15.6156098;-9.9941706;79.751
-0.4076642;16.21130248;-7.961092566;79.833
-0.3055904;16.8370332;-6.131900397;79.817
-0.1995725;17.56071771;-3.861846867;79.85
-0.09166024;18.30706275;-1.427811755;79.915
0.01577652;20.01929069;1.275872063;80.104
0.1211655;20.78718546;4.266556376;80.333
0.2219757;21.56830635;7.152919043;80.514
0.3166348;22.48694065;10.25382194;80.629
0.4030912;23.38855553;13.45066659;80.793
0.4789768;24.1168663;16.27459891;81.006
0.5442898;24.82037998;18.65513994;81.096
0.5968271;25.19080661;20.28241983;81.268
0.6361092;25.59384012;21.61452036;81.309
0.6616684;25.63189352;22.12168055;81.44
0.6733416;25.52466686;21.99800058;81.506
0.6716064;25.08433187;21.02199562;81.621
0.6551991;24.69560499;19.92781497;81.645
0.6263285;22.49191162;13.76073487;81.793
0.5884652;19.97079166;6.44337497;81.875
0.5427137;17.87050104;0.340503127;81.941
0.4870223;16.35724191;-4.421274256;81.867
0.4226546;15.07570918;-7.773872451;82.031
0.3481878;14.3803411;-9.712976711;82.08
0.2652039;13.56829524;-11.70511429;82.228
0.1740153;13.06671261;-13.03886218;82.285
0.07620205;12.48960936;-14.25417193;82.457
-0.02697613;11.9681681;-15.27549569;82.638
-0.1331532;11.59487192;-16.29938424;82.67
-0.2407491;11.24404728;-17.25285815;82.703
-0.3478714;10.85177354;-18.23167939;82.769
-0.4527849;10.49177329;-19.18868013;82.81
-0.5524925;10.23067808;-20.07096576;82.777
-0.646678;8.894525289;-20.95642413;82.818
-0.7321872;8.706876471;-21.78937059;82.728
-0.8077565;8.46247184;-22.49858448;82.736
-0.871967;8.267580065;-23.0832598;82.736
-0.923557;8.131314285;-23.54005714;82.72
-0.9615775;8.029580661;-23.82125802;82.728
-0.9850851;8.026967158;-23.97609853;82.679
-0.9936041;8.174472209;-23.87858337;82.564
-0.9869775;8.249064071;-23.63080779;82.572
-0.9647336;8.506843449;-22.90546965;82.556
-0.9278156;9.129012677;-21.01496197;82.564
-0.8773319;9.900154109;-18.84853767;82.515
-0.8143831;10.68026381;-16.68220856;82.457
-0.738971;11.35175217;-14.4697435;82.523
-0.6537782;12.05651047;-12.37946858;82.515
-0.5578575;12.66886303;-10.41941092;82.556
-0.4537321;14.24925737;-8.582227882;82.588
-0.3434537;14.81863058;-7.045108263;82.531
-0.2273387;15.31431024;-5.26406929;82.629
-0.1088576;16.08644836;-3.193654917;82.547
0.01041351;16.75657525;-0.910274254;82.638
0.1282638;17.42719152;1.665574559;82.826
0.2423291;18.21861984;4.40885953;82.949
0.3500822;19.00708963;7.389268897;83.154
0.4497899;19.82523613;10.55770839;83.392
0.539084;20.60374424;13.18723272;83.49
0.6165477;21.20779086;15.71337257;83.728
0.6805991;21.88689807;17.9726942;83.802
0.7307683;22.19045794;19.35137383;83.958
0.7661083;22.45689426;20.34568277;84.023
0.7855145;22.49517994;20.51153982;84.04
0.7902466;22.17727855;19.85183566;84.138
0.7792023;21.78758754;18.75776261;84.163
0.7530142;20.20551085;14.20653255;84.228
0.7168862;17.65428553;6.7028566;84.278
0.6698711;15.46025987;0.414779618;84.376
0.612918;13.98046829;-4.14759512;84.335
0.5457106;12.81526886;-7.421193429;84.409
0.4671444;11.98899958;-9.531001267;84.532
0.3783219;11.42305177;-10.85984468;84.655
0.2795615;10.92943431;-12.07069708;84.745
0.1737008;10.50853362;-13.11139915;84.819
0.0613708;10.07756945;-14.05929164;84.934
-0.05521781;9.605564077;-14.91130777;85.122
-0.1736989;9.370470787;-15.73958764;85.081
-0.2924964;8.993853816;-16.57243855;85.18
-0.4089258;8.668105248;-17.45368426;85.212
-0.5210967;8.389592207;-18.28922338;85.212
-0.6269574;8.06157155;-19.09928535;85.27
-0.7241417;6.841730659;-19.93280802;85.212
-0.8110698;6.613033019;-20.64290094;85.204
-0.8860082;6.41777668;-21.22866996;85.204
-0.9476935;6.280356595;-21.71293022;85.18
-0.994235;6.154175019;-22.11847494;85.171
-1.025314;6.142526839;-22.32441948;85.114
-1.040617;6.125399627;-22.32780112;85.13
-1.039041;6.331501162;-22.07849652;85.007
-1.020266;6.464293048;-21.75212085;84.983
-0.9850851;7.004375105;-19.96087469;85.04
-0.9352303;7.708809738;-18.04257078;84.975
-0.8707053;8.398397606;-16.12380718;84.925
-0.7926108;9.021523623;-14.17942913;84.95
-0.7022122;9.651195973;-12.33841208;84.934
-0.6006101;10.20015586;-10.61953241;84.958
-0.4892292;10.73855428;-9.028337156;84.95
-0.3698009;11.18506151;-7.736815467;84.934
-0.2440624;11.60688747;-6.276337582;84.999
-0.1142206;12.15865769;-4.570026937;85.016
0.01704011;12.68409126;-2.774726219;85.089
0.1479844;14.28080744;-0.564577674;85.229
0.2756174;14.95789675;1.859690264;85.36
0.3974118;15.74780763;4.523422878;85.458
0.5111607;16.3535069;7.351520695;85.795
0.6146533;17.26169854;10.37009561;85.893
0.7050538;18.0134773;13.0184319;86.024
0.7818848;18.61656917;15.3707075;86.205
0.8434128;19.16504387;17.18713161;86.262
0.8888499;19.53528368;18.42085103;86.303
0.9175632;19.5487103;18.80613091;86.418
0.9287648;19.40992369;18.53677107;86.467
0.924347;19.18282244;17.68446731;86.41
0.9019439;18.34036938;15.35210814;86.475
0.8661323;15.78632084;7.764962527;86.5
0.8195908;13.59612073;0.972362197;86.426
0.7616905;11.94846465;-3.922606063;86.442
0.6911698;10.75121844;-7.070344672;86.59
0.6080287;10.03343529;-9.076694119;86.639
0.5132104;9.549198422;-10.25940473;86.729
0.4078233;9.055749994;-11.29575002;86.877
0.29297;8.651460607;-12.19061818;86.983
0.1713348;8.326761769;-12.96671469;87.049
0.04433263;8.002259356;-13.67022193;87.139
-0.08582363;7.742236383;-14.39929085;87.156
-0.2164535;7.350908738;-15.15627379;87.295
-0.3455053;7.072830861;-15.89150742;87.328
-0.4704539;6.828730625;-16.67480812;87.311
-0.5886205;5.582693376;-17.48491987;87.287
-0.6981108;5.39510357;-18.24568929;87.221
-0.7975021;5.10016826;-18.95649522;87.279
-0.8836421;4.85563859;-19.66608423;87.287
-0.9557409;4.710431104;-20.10170669;87.287
-1.012063;4.631544325;-20.46136702;87.246
-1.051188;4.653044411;-20.74186677;87.131
-1.073275;4.552930498;-20.79620851;87.213
-1.077693;4.585699155;-20.67390253;87.221
-1.063337;4.752420735;-20.3957378;87.147
-1.030679;5.191816191;-19.02655143;87.164
-0.9811409;5.839157544;-17.33052737;87.082
-0.9153524;6.413363205;-15.58391039;87.09
-0.8345773;6.929346078;-13.81396177;87.164
-0.7399182;7.592751921;-12.24374424;87.024
-0.6323223;8.123279297;-10.74816211;86.992
-0.5133676;8.523435328;-9.400694015;87.041
-0.3847874;8.970759491;-8.133721528;87.016
-0.2492682;9.220167801;-7.064496596;87.123
-0.1079104;9.691614509;-5.725156473;87.098
0.03565633;11.15985881;-4.122423584;87.164
0.1798538;11.56051248;-2.428462551;87.328
0.3213689;12.05038464;-0.343846079;87.533
0.4578353;12.635563;2.026688991;87.738
0.5859399;13.46400946;4.734028395;87.812
0.703633;14.20042479;7.507274379;88
0.8087056;15.05765568;10.30096703;88.074
0.898947;15.80045638;12.82336913;88.172
0.9726238;16.4768811;14.92764329;88.197
1.029261;16.91160066;16.40280198;88.254
1.06744;17.15115542;17.27146626;88.304
1.087003;17.07676914;17.21930741;88.361
1.088896;16.85855369;16.44166108;88.32
1.071541;16.43736108;15.27708325;88.353
1.037622;14.05082339;8.018470181;88.32
0.9915544;11.60355876;0.970676271;88.418
0.9328661;10.05626636;-3.818200928;88.369
0.8601365;9.049083702;-6.911748895;88.345
0.7732084;8.339681264;-8.793956209;88.427
0.67287;7.969566156;-9.511301531;88.558
0.5602255;7.47759303;-10.76522091;88.632
0.4370103;7.236536505;-11.41639048;88.656
0.3054352;6.888097345;-12.04170797;88.796
0.1673906;6.530984494;-12.67204652;88.943
0.0255592;6.303560174;-13.25531948;88.976
-0.1176911;5.978509923;-13.93647023;89.074
-0.2595225;5.692030228;-14.62190932;89.132
-0.3972526;5.439507489;-15.35547753;89.14
-0.5288277;4.23461356;-16.06915932;89.107
-0.6517265;3.91563525;-16.80409425;89.181
-0.7634239;3.826116732;-17.46564981;89.05
-0.8615554;3.606351662;-18.05294501;89.074
-0.9445393;3.435730552;-18.58880835;89.066
-1.011432;3.315616973;-18.97314908;89.058
-1.059707;3.287465737;-19.22860279;89.001
-1.089525;3.219758437;-19.38372469;89.017
-1.099465;3.309596607;-19.31221018;88.951
-1.089998;3.342881532;-19.13735541;88.976
-1.060497;3.724881704;-18.13835489;88.927
-1.01159;4.21529069;-16.56812793;88.96
-0.9453274;4.732346166;-15.0439615;88.951
-0.862027;5.305916667;-13.44625;88.91
-0.762793;5.77958376;-11.99824872;88.919
-0.6493605;6.220672701;-10.7499819;88.894
-0.522832;6.619912704;-9.576261887;88.886
-0.3852611;7.03550791;-8.503476269;88.828
-0.2391711;7.24534936;-7.62795192;88.91
-0.08661168;8.55995432;-6.60913704;88.935
0.06973267;8.841041728;-5.372874817;89.066
0.2273406;9.293050031;-3.917849908;89.099
0.3835277;9.635617818;-2.227146547;89.32
0.5343518;10.22232271;-0.098031876;89.443
0.6779186;10.90327491;2.364824732;89.583
0.8107553;11.71250484;5.13751452;89.698
0.9300264;12.54490846;7.880725382;89.78
1.034152;13.29432159;10.44696477;89.886
1.12108;14.02708445;12.72025336;89.911
1.189392;14.54922603;14.55667809;90.001
1.237985;14.89435474;15.59206421;90.001
1.266382;15.00528987;15.9998696;90.026
1.274901;14.79476106;15.44028317;90.05
1.263385;14.53793586;14.39980757;89.96
1.23262;12.58371834;8.438155007;89.927
1.187656;10.16568833;1.430064979;90.009
1.127864;8.598218399;-3.518344803;89.927
1.053082;7.527787136;-6.582638591;89.976
0.9617367;6.884861293;-8.484416122;89.985
0.855876;6.598693208;-9.516920375;89.927
0.7361333;6.252748599;-10.1617542;90.058
0.604399;5.880593859;-10.78621842;90.222
0.4630412;5.589232152;-11.31530354;90.337
0.3137951;5.322315048;-11.87005486;90.419
0.1606068;5.053866082;-12.35440175;90.526
0.004734119;4.843619237;-12.91314229;90.55
-0.1505077;4.590388948;-13.52283316;90.6
-0.3022771;4.337040817;-14.15987755;90.641
-0.4474218;3.10858031;-14.82125907;90.649
-0.5838884;2.887774065;-15.45967781;90.657
-0.7085224;2.626202989;-16.12139103;90.698
-0.8195888;2.512260339;-16.70921898;90.616
-0.9145643;2.333394937;-17.24581519;90.616
-0.9923425;2.172122076;-17.65463377;90.641
-1.050241;2.159891003;-17.93732699;90.559
-1.087947;2.066844583;-18.09346625;90.6
-1.104671;2.156846788;-18.09645964;90.509
-1.100569;2.238913112;-17.94626066;90.477
-1.074222;2.505435509;-17.29669347;90.427
-1.02705;2.954181985;-15.92345404;90.436
-0.9604731;3.362562758;-14.55131173;90.485
-0.8748066;3.87861844;-13.12614468;90.444
-0.7717857;4.312174189;-11.87647743;90.427
-0.6520429;4.728577202;-10.75026839;90.386
-0.5184162;4.996518219;-9.724445342;90.46
-0.372167;5.387307673;-8.747076981;90.395
-0.2155063;5.55645744;-8.044627681;90.46
-0.05111451;5.84738295;-7.195851149;90.452
0.1181666;6.046675523;-6.276973431;90.559
0.2893423;6.32787218;-5.115383461;90.665
0.4597279;6.630591446;-3.640225663;90.854
0.6258548;8.168421219;-1.855736343;90.911
0.7847245;8.793802444;0.365407332;91.026
0.9328661;9.586672961;2.942018884;91.092
1.06744;10.32853265;5.683597943;91.264
1.186238;11.20727077;8.490812303;91.321
1.286576;11.97080533;10.955416;91.379
1.367351;12.61373479;12.98020438;91.411
1.426829;13.09612832;14.30438496;91.37
1.46485;13.36051953;14.95055858;91.321
1.480786;13.25413197;14.68239591;91.338
1.475421;12.8510529;13.62015869;91.387
1.448443;11.4169243;9.242772905;91.362
1.40411;8.948273466;1.935820398;91.395
1.34416;7.221488434;-3.244534698;91.395
1.26717;6.218871798;-6.399384607;91.346
1.172984;5.602752003;-8.199743991;91.362
1.061761;5.19354091;-9.253377271;91.42
0.9349177;4.069149919;-9.776550243;91.37
0.7948216;3.942863707;-10.30240888;91.321
0.643683;3.717014866;-10.7819554;91.387
0.4833926;3.621697347;-11.21490796;91.338
0.3178984;3.395974685;-11.67307594;91.411
0.1490889;3.011768017;-12.13569595;91.641
-0.01956148;2.841503994;-12.64648802;91.641
-0.1852149;2.661701703;-13.23389489;91.625
-0.3447153;2.490749761;-13.84575072;91.592
-0.4952231;2.188422492;-14.43473252;91.698
-0.6334267;2.116010217;-15.02096935;91.575
-0.7580608;1.927908885;-15.60927335;91.567
-0.8650259;1.780700216;-16.12289935;91.543
-0.9540057;1.644167013;-16.53249896;91.543
-1.022475;1.459268864;-16.89219341;91.608
-1.069173;0.481733713;-17.04679886;91.534
-1.092995;0.569654428;-17.07703672;91.436
-1.094731;0.521375389;-16.92787383;91.534
-1.07233;0.695572348;-16.52828296;91.493
-1.027681;1.217683753;-15.35494874;91.362
-0.9607894;1.618389916;-14.05383025;91.395
-0.8732286;2.100675851;-12.77797245;91.338
-0.7667372;2.459581958;-11.67725413;91.346
-0.6414722;3.793485324;-10.69954403;91.338
-0.5007452;4.103250839;-9.845247483;91.313
-0.3453462;4.232380141;-9.064859577;91.444
-0.1785883;4.499371715;-8.311884854;91.428
-0.002366089;4.749856831;-7.734429506;91.37
0.1796947;4.843477091;-7.057568728;91.502
0.3644379;5.150053182;-6.041840455;91.534
0.5496548;5.552406207;-4.882781379;91.518
0.7309275;6.067429139;-3.385712584;91.502
0.9057308;6.602372532;-1.387882404;91.633
1.069649;7.519357963;1.093073888;91.543
1.219999;8.227504959;3.781514877;91.731
1.353783;9.138073061;6.588219182;91.756
1.46832;9.925265783;9.120797349;91.813
1.562191;10.63194781;11.14184343;91.78
1.633817;11.15088765;12.89666296;91.846
1.681936;12.46363705;13.75991116;91.821
1.706073;12.49430539;13.82791616;91.813
1.707493;12.1964618;12.95838541;91.821
1.684459;11.02954327;9.679629798;91.895
1.642809;8.545901606;1.859704818;91.772
1.583805;6.822783035;-3.333650895;91.764
1.505396;5.764713144;-6.309860567;91.83
1.407897;5.214310641;-8.060068076;91.797
1.291782;4.781249247;-9.014252259;91.912
1.15847;4.696847519;-9.390457442;91.871
1.010171;4.423583546;-9.964249362;91.953
0.8490922;3.190170294;-10.32248912;92.067
0.6780757;2.963573972;-10.72927809;92.158
0.5004327;2.75302587;-11.11492239;92.24
0.3186864;2.50088377;-11.50234869;92.363
0.1363093;2.27409604;-11.96371188;92.436
-0.04385709;2.192565207;-12.47830438;92.346
-0.2175579;1.9963862;-12.9678414;92.379
-0.3824213;1.800761583;-13.53071525;92.387
-0.5352971;1.596104198;-14.09368741;92.404
-0.6731825;1.375457745;-14.63262677;92.445
-0.793558;1.37748616;-15.09454152;92.289
-0.8946846;1.199427083;-15.58071875;92.305
-0.9737263;1.145426594;-15.84172022;92.272
-1.030206;1.059229259;-16.07331222;92.281
-1.06239;1.032785169;-16.10464449;92.297
-1.070121;1.081578904;-16.00626329;92.281
-1.05245;1.124908912;-15.80427326;92.305
-1.010011;1.498954008;-14.78113798;92.272
-0.9437494;1.931540797;-13.60637761;92.231
-0.855086;2.323538078;-12.43038577;92.231
-0.7448076;2.723011727;-11.40296482;92.174
-0.6148105;2.951012367;-10.5479629;92.231
-0.4666689;3.211049392;-9.815851825;92.215
-0.3024344;3.437524592;-9.136426225;92.215
-0.1254221;3.647607054;-8.554178837;92.199
0.06216079;3.661470988;-8.071587037;92.346
0.2570012;3.740087775;-7.442736676;92.477
0.4562573;3.791849226;-6.720452323;92.666
0.6559891;5.023539628;-5.779381115;92.748
0.8530363;5.219661628;-4.477015116;92.986
1.042987;5.731026641;-2.771920076;93.043
1.223154;6.336519589;-0.535441232;93.183
1.389438;7.061636842;2.104910526;93.338
1.538843;7.904239675;4.905719025;93.429
1.668367;8.6913085;7.3629255;93.461
1.775805;9.403276029;9.573828086;93.486
1.86021;9.977944312;11.37283294;93.511
1.919056;10.4177548;12.5692644;93.47
1.952503;10.52027721;12.99983162;93.511
1.961022;10.29539257;12.37317771;93.527
1.943351;10.59894946;9.989848393;93.429
1.904543;8.071399441;2.455198324;93.445
1.846169;6.256367892;-2.914896323;93.47
1.76697;5.268858099;-6.150425703;93.379
1.66679;3.703976092;-7.845071723;93.379
1.546258;3.336685354;-8.796943939;93.429
1.406635;3.015901859;-9.318294424;93.576
1.249974;2.823177286;-9.599468141;93.675
1.079115;2.589896831;-9.957309506;93.789
0.8978425;2.379429931;-10.29171021;93.888
0.7075772;2.274982515;-10.60505245;93.888
0.5127368;1.98251059;-10.96646823;94.06
0.3166348;1.893928059;-11.35521582;94.019
0.122268;1.747525725;-11.79442283;94.019
-0.06689103;1.625357146;-12.28392856;93.978
-0.2467429;1.412528213;-12.82341536;94.011
-0.4141335;0.16712765;-13.31361705;94.093
-0.5662174;0.085906414;-13.80328076;94.011
-0.7003178;-0.093314271;-14.36494281;94.003
-0.8139095;-0.163764746;-14.72629424;93.953
-0.9047816;-0.276066011;-15.11119803;93.937
-0.9708866;-0.288709483;-15.32012845;93.88
-1.011747;-0.306961252;-15.42588376;93.863
-1.025945;-0.373683996;-15.42805199;93.929
-1.013482;-0.233411109;-15.25323333;93.847
-0.9749879;0.033625127;-14.40412462;93.863
-0.909673;0.441378615;-13.27986415;93.83
-0.8200625;0.807505058;-12.25348483;93.806
-0.7064708;1.142249609;-11.27325117;93.798
-0.5714251;1.337048748;-10.49385375;93.863
-0.4166569;1.588501803;-9.886494592;93.814
-0.2440624;1.791097505;-9.302707484;93.806
-0.05663668;1.936037739;-8.768886784;93.839
0.1427786;2.204259725;-8.285220826;93.732
0.3502394;3.241455849;-7.828632452;93.847
0.5635388;3.368784754;-7.200645737;93.929
0.7779406;3.42030197;-6.431094091;94.134
0.9906092;3.699545751;-5.323362748;94.224
1.196808;4.048969458;-3.831091626;94.372
1.393225;4.679395459;-1.792813624;94.421
1.575916;5.380327171;0.627981514;94.527
1.740939;6.263583204;3.376749611;94.56
1.886084;7.087056954;6.069170862;94.634
2.007878;7.954015674;8.349047021;94.527
2.104746;8.606731167;10.3821935;94.552
2.175898;8.964025875;11.52907763;94.577
2.218969;10.25996355;12.21889066;94.511
2.234902;10.23733706;11.90501117;94.429
2.223858;9.708581507;10.41774452;94.462
2.188046;7.333260661;3.216781984;94.437
2.130777;5.321873936;-2.571378193;94.519
2.051421;4.296420707;-5.79473788;94.47
1.948873;3.725161378;-7.583515865;94.445
1.823925;3.351101539;-8.555695382;94.495
1.678464;3.243369062;-9.052892814;94.437
1.514231;2.059469256;-9.259592233;94.552
1.333906;1.874896957;-9.59130913;94.626
1.141431;1.853226643;-9.902320071;94.544
0.9394927;1.642851633;-10.2154451;94.65
0.7312419;0.497407289;-10.57677813;94.675
0.5207842;0.407887554;-10.89333734;94.659
0.3120598;0.229754342;-11.35573697;94.683
0.1080695;0.140375492;-11.74687353;94.642
-0.08692806;-0.015234363;-12.21370309;94.642
-0.2696196;-0.138233224;-12.65469967;94.618
-0.4365347;-0.325368029;-13.16810409;94.634
-0.58515;-0.397869662;-13.60760899;94.56
-0.7113621;-0.486036585;-14.01910975;94.511
-0.8143831;-0.606022204;-14.35506661;94.519
-0.8918448;-0.684563374;-14.61469012;94.511
-0.9418569;-0.703413551;-14.69524065;94.503
-0.9633127;-0.638454739;-14.69836422;94.437
-0.9571598;-0.679717109;-14.62415133;94.503
-0.9216626;-0.414364135;-13.9750924;94.454
-0.8582421;-0.089113202;-12.95133961;94.47
-0.768158;0.327530113;-12.02240966;94.363
-0.6526738;0.569987663;-11.12103701;94.421
-0.5130512;0.920410578;-10.41476827;94.306
-0.3518156;1.041113983;-9.830658051;94.38
-0.1710164;1.253108333;-9.368675001;94.322
0.02603281;1.397186361;-8.909440917;94.331
0.2366477;1.542680673;-8.49995798;94.322
0.4572045;1.605106364;-8.039680907;94.413
0.6842288;1.70887183;-7.632384511;94.445
0.9137763;1.843053928;-6.956838215;94.536
1.142221;2.213013401;-5.945959798;94.503
1.364511;2.670551145;-4.648346564;94.478
1.577337;4.210681306;-2.853956082;94.536
1.776595;4.830830468;-0.723508597;94.626
1.958813;5.681433842;1.828301526;94.626
2.119418;6.489966761;4.325900283;94.65
2.256516;7.190032066;6.576096198;94.7
2.367582;7.94821838;8.652655141;94.634
2.450882;8.416242863;10.15572859;94.667
2.505469;8.7493887;11.1311661;94.659
2.530396;8.717812964;10.91343889;94.618
2.526768;8.284968294;9.884904883;94.708
2.494584;6.517959949;4.139879847;94.56
2.439523;4.458556726;-2.110329823;94.536
2.360167;3.227664169;-5.584007494;94.609
2.255885;2.723243954;-7.415268139;94.503
2.127464;2.342765221;-8.361704336;94.568
1.976641;2.345571773;-8.326284681;94.577
1.804676;2.12460218;-9.064193459;94.552
1.615831;1.980825624;-9.372523129;94.593
1.412631;1.926118919;-9.560643242;94.585
1.198544;1.82213358;-9.89659926;94.577
0.9771987;0.725708752;-10.18587374;94.577
0.7526978;0.64547208;-10.52558376;94.544
0.5289869;0.376186963;-10.89243911;94.691
0.3096937;0.27004004;-11.30687988;94.659
0.099236;0.106802441;-11.72459268;94.683
-0.09907489;0.082714227;-12.16585732;94.56
-0.2811356;-0.031047904;-12.63014371;94.519
-0.4436349;-0.300864307;-13.04659292;94.65
-0.5842028;-0.397782197;-13.50834659;94.593
-0.6998461;-0.461042737;-13.84512821;94.544
-0.788193;-0.514871068;-14.1056132;94.511
-0.8479858;-0.55135758;-14.26307274;94.495
-0.8778036;-0.609612538;-14.29083761;94.544
-0.8778036;-0.58447133;-14.19141399;94.552
-0.8460934;-0.344636859;-13.64291058;94.495
-0.7850389;-0.036313731;-12.79294119;94.47
-0.6952692;0.346261384;-11.76821585;94.429
-0.5774189;0.573280543;-11.06315837;94.437
-0.4340114;0.783823512;-10.38052947;94.454
-0.2669372;0.92941534;-9.87175398;94.478
-0.07809259;1.148913817;-9.435258549;94.404
0.1287374;1.212655845;-9.022032466;94.478
0.3508703;1.317311049;-8.684066854;94.486
0.5845211;1.372146552;-8.297560343;94.56
0.8254274;1.573318025;-7.889045925;94.495
1.070123;1.668260887;-7.310217339;94.593
1.314028;1.981463038;-6.493610886;94.552
1.553356;2.341142529;-5.267572413;94.601
1.78322;3.825591489;-3.640225532;94.659
1.999359;4.55046088;-1.588617361;94.618
2.198143;5.351419627;0.814258881;94.618
2.375313;6.156912563;3.37773769;94.667
2.527715;6.921602361;5.743807084;94.691
2.653294;7.637214835;7.743644506;94.642
2.749374;8.086153679;9.312461036;94.716
2.81532;8.468085573;10.23625672;94.642
2.849713;8.561586206;10.56775862;94.659
2.853973;8.226034693;9.708104078;94.708
2.826365;6.824259276;5.796777828;94.806
2.773355;4.754047022;-1.028858935;94.601
2.694314;3.366586138;-5.017241585;94.659
2.589084;2.77867773;-7.05396681;94.568
2.457509;2.373844954;-8.118465138;94.618
2.301479;2.264419436;-8.227741691;94.691
2.123205;2.026713666;-8.841859001;94.724
1.925368;1.965095498;-9.149713507;94.683
1.711595;1.927218841;-9.386343477;94.642
1.485832;1.797302831;-9.602091506;94.7
1.251552;1.725587006;-9.868238983;94.683
1.013327;1.579687559;-10.23093732;94.708
0.7744701;1.457942566;-10.5721723;94.716
0.539874;0.269246625;-10.94026013;94.782
0.3136379;0.073814264;-11.35555721;94.839
0.09955044;0.008631497;-11.79710551;94.757
-0.09781323;-0.155677139;-12.21503142;94.782
-0.275299;-0.26947215;-12.65541645;94.749
-0.4300673;-0.390091271;-13.06827381;94.732
-0.5584883;-0.438288515;-13.43186554;94.659
-0.6588268;-0.582261372;-13.71678412;94.708
-0.7288739;-0.684081567;-13.8752447;94.757
-0.7675271;-0.669090168;-13.9772705;94.708
-0.7744682;-0.645016274;-13.90504882;94.708
-0.7478065;-0.49526701;-13.50680103;94.691
-0.6894326;-0.253354636;-12.65806391;94.732
-0.6002957;0.111961223;-11.75711633;94.667
-0.4810246;0.380007381;-10.97697786;94.659
-0.3338301;0.681081889;-10.34675433;94.568
-0.1609193;0.785554054;-9.835337839;94.634
0.03518272;0.865695449;-9.447913654;94.683
0.2516362;1.002586444;-9.109240668;94.659
0.4851279;1.074517626;-8.770447121;94.7
0.7310847;1.228611479;-8.383165564;94.675
0.9858751;1.316603716;-7.948188852;94.732
1.245714;1.46869872;-7.491903841;94.732
1.505712;2.692108193;-6.746675422;94.757
1.761764;2.98684559;-5.763463231;94.79
2.008666;3.496594573;-4.234216281;94.79
2.242474;4.05023922;-2.378282341;94.855
2.457982;4.818499062;-0.169502813;94.823
2.651875;5.623608502;2.317825506;94.847
2.820685;6.335500204;4.675500612;94.921
2.960937;7.024095689;6.765287068;94.929
3.0709;7.617055303;8.472165909;94.905
3.149309;7.90600535;9.55801605;94.978
3.194273;8.057404071;9.817212212;94.913
3.206577;7.849359538;9.364078614;94.97
3.185752;7.241871486;7.319614458;94.896
3.134637;5.974726123;0.545178368;94.905
3.0567;4.292754997;-4.329735008;94.962
2.950682;3.586549436;-6.670351691;94.888
2.817055;2.234236387;-7.87429084;94.839
2.656608;1.981280019;-8.435159943;94.905
2.471864;2.032573117;-8.332280648;94.888
2.265982;1.826904612;-8.925286165;94.896
2.042428;1.763735805;-9.138792585;94.888
1.804992;1.676191916;-9.377424253;94.896
1.557617;1.570975371;-9.618073888;94.921
1.305035;1.44947715;-9.934568551;94.937
1.051821;1.277760128;-10.27571962;94.995
0.8017626;1.229617165;-10.61814851;94.929
0.5595947;1.008232303;-10.96130309;95.036
0.329888;0.845059072;-11.40282278;95.052
0.1165886;0.697666767;-11.8209997;95.06
-0.07698816;-0.350616961;-12.23585088;94.97
-0.2459549;-0.545837815;-12.69851344;95.011
-0.3881007;-0.602459867;-13.0393796;94.954
-0.5009044;-0.754018465;-13.29905539;95.019
-0.5823103;-0.799523718;-13.53157115;94.987
-0.6301134;-0.850897279;-13.61369184;95.011
-0.6443119;-0.761304124;-13.53991237;94.946
-0.6233296;-0.644889744;-13.26566923;94.921
-0.5685854;-0.404036509;-12.46810953;94.946
-0.4807101;-0.137369386;-11.64410816;94.954
-0.360651;0.105685405;-10.89094378;94.962
-0.2106149;0.365442038;-10.25867388;94.913
-0.0324983;0.543540963;-9.79937711;94.888
0.170702;0.680732515;-9.411802454;94.88
0.3964646;0.867995127;-9.096014619;94.798
0.6402125;0.866752351;-8.805742946;94.896
0.8986306;0.970770244;-8.466689269;94.905
1.167305;1.066444481;-8.056666557;94.946
1.442447;1.146247134;-7.694258599;94.987
1.718379;2.38759601;-6.99721197;94.978
1.990997;2.591632948;-6.088101157;95.077
2.255254;3.046770365;-4.773688905;95.06
2.506574;3.533875947;-2.99137216;95.167
2.739751;4.277266212;-0.860201364;95.134
2.950999;5.031513667;1.477541001;95.159
3.136373;5.775336004;3.781008012;95.183
3.292403;6.493763472;5.864290416;95.159
3.41672;8.003726655;7.565179966;95.216
3.508066;8.476627629;8.836882887;95.167
3.564388;8.597669068;9.422007203;95.241
3.585372;8.471617551;9.019852653;95.233
3.572119;8.247232035;8.025696106;95.126
3.525263;6.290134632;2.154403895;95.126
3.448432;4.417604004;-3.388187988;95.151
3.343045;3.501200379;-6.287398864;95.101
3.207367;2.037644093;-7.579067722;95.134
3.043132;1.834312491;-8.213062527;95.126
2.852395;1.733620629;-8.539138112;95.118
2.638782;1.663800348;-8.676598956;95.142
2.405761;1.503128355;-8.960614935;95.208
2.157124;1.40668951;-9.150931471;95.241
1.897759;1.375144936;-9.368565192;95.2
1.631451;1.195875528;-9.636373417;95.29
1.36325;1.098755585;-9.951733244;95.282
1.097572;0.976097747;-10.31970676;95.282
0.8393114;0.935095441;-10.68871368;95.2
0.5928829;0.739468353;-11.10459494;95.257
0.3634926;0.673973887;-11.44807834;95.208
0.1547682;-0.473228063;-11.86568419;95.216
-0.02965861;-0.577902579;-12.30270774;95.175
-0.1863193;-0.741271853;-12.59481556;95.241
-0.312217;-0.918218966;-12.9306569;95.306
-0.4049817;-0.955496135;-13.11448841;95.282
-0.4631984;-0.999538309;-13.27061493;95.274
-0.4849687;-0.966809478;-13.24742843;95.249
-0.4710866;-0.950556666;-13.09967;95.282
-0.4202846;-0.58591702;-12.35075106;95.167
-0.3343038;-0.295944406;-11.50483322;95.159
-0.2140855;-0.045089769;-10.77626931;95.151
-0.06184247;0.12430445;-10.22008665;95.167
0.1208491;0.277954927;-9.735135219;95.175
0.330676;0.382376801;-9.370869597;95.192
0.5648004;0.422119393;-9.080641822;95.249
0.8192744;0.551467477;-8.815597568;95.208
1.09;0.623972738;-8.499081787;95.241
1.372557;0.753472522;-8.134582434;95.233
1.662056;0.784156991;-7.748529027;95.331
1.954396;0.967357516;-7.099927451;95.364
2.243738;2.328086296;-6.239741112;95.29
2.525506;2.576696698;-4.977909906;95.462
2.794179;3.155481935;-3.340554194;95.429
3.045341;3.807361429;-1.357915713;95.438
3.273943;4.535462362;0.973387087;95.487
3.476041;5.308362198;3.292086593;95.487
3.648162;5.992961125;5.417883376;95.511
3.787468;6.634120097;7.41636029;95.536
3.891437;8.191764098;8.966292293;95.495
3.95896;8.480579806;9.856739418;95.503
3.988778;8.446259096;9.828777288;95.528
3.982625;8.109140676;8.793422028;95.52
3.940028;6.348541668;3.607625004;95.552
3.866194;4.425552601;-2.503342198;95.438
3.761123;3.316222546;-5.858332362;95.429
3.62434;2.775018421;-7.358944738;95.47
3.456952;2.491572847;-8.03528146;95.528
3.26148;2.449278633;-8.360164102;95.462
3.040766;2.313212888;-8.570361336;95.528
2.798439;2.292642911;-8.806071268;95.47
2.538915;1.195777555;-8.973667336;95.511
2.266929;1.017004672;-9.236985983;95.602
1.987053;0.96878738;-9.45663786;95.577
1.703707;0.927941865;-9.726174405;95.528
1.422726;0.76484792;-10.06845624;95.577
1.148215;0.634383546;-10.41184936;95.593
0.8856938;0.495057031;-10.77882891;95.61
0.6395817;0.331512011;-11.26946397;95.61
0.4147663;-0.724885859;-11.61265758;95.552
0.2144038;-0.904803512;-12.02941054;95.593
0.04338542;-1.149969017;-12.36890705;95.725
-0.09639436;-1.147176506;-12.70552952;95.61
-0.201465;-1.249256778;-12.93977034;95.634
-0.2702505;-1.244159318;-13.04747795;95.593
-0.3011727;-1.254172067;-13.0775162;95.593
-0.2943889;-1.220927698;-12.97778309;95.593
-0.2487946;-0.972553457;-12.35566037;95.552
-0.1651798;-0.59293375;-11.53480125;95.446
-0.04590873;-0.424711063;-10.78413319;95.528
0.1079123;-0.255279946;-10.17683984;95.561
0.2940744;-0.044417032;-9.718251097;95.503
0.5098971;0.100734824;-9.330795529;95.487
0.7514362;0.238800724;-9.063597829;95.438
1.015693;0.213286979;-8.798139062;95.552
1.298092;0.359933008;-8.481200977;95.511
1.593745;0.505881251;-8.190356247;95.462
1.897759;0.511347723;-7.729956832;95.61
2.205242;1.687219972;-7.226340083;95.602
2.511306;1.909138105;-6.437585684;95.643
2.810429;2.216668933;-5.3439932;95.7
3.096615;2.689311188;-3.878066436;95.716
3.365763;3.268235222;-2.090294334;95.733
3.61235;3.939499871;0.022499613;95.766
3.831485;4.702840372;2.384521117;95.79
4.020331;5.420793075;4.712379224;95.848
4.175257;7.205294373;6.891883118;95.79
4.29279;7.830955341;8.645866022;95.749
4.37262;8.097452835;9.742358506;95.848
4.413166;8.102444318;9.904332955;95.897
4.414901;7.911624137;8.986872411;95.782
4.377669;5.475115811;4.506347433;95.725
4.307148;3.290460724;-1.975617829;95.749
4.203496;2.173332215;-5.573003356;95.667
4.066871;1.619850843;-7.158447472;95.692
3.8968;1.3466569;-7.879029299;95.725
3.696439;1.312446823;-8.227659531;95.643
3.469258;1.252039973;-8.459880082;95.626
3.218726;0.057028089;-8.624915733;95.766
2.948947;0.059246045;-8.840261865;95.692
2.664812;-0.020909427;-9.08072828;95.692
2.371212;-0.13474689;-9.275240669;95.741
2.073981;-0.289207933;-9.567623798;95.798
1.77691;-0.331047305;-9.864141916;95.741
1.486149;-0.453022665;-10.18206799;95.757
1.20722;-0.626229158;-10.55168747;95.807
0.9445413;-1.70689475;-10.96768425;95.749
0.7026877;-1.862724132;-11.3601724;95.774
0.4867059;-1.951475417;-11.80042625;95.716
0.3002274;-2.064866523;-12.14059957;95.716
0.1462492;-2.194300465;-12.47790139;95.733
0.02808251;-2.199331567;-12.7389947;95.651
-0.05237617;-2.300839124;-12.92051737;95.692
-0.0933955;-2.228604835;-12.92581451;95.618
-0.0946591;-2.204217267;-12.8766518;95.61
-0.0542706;-2.038997092;-12.38099128;95.61
0.02508559;-1.617188196;-11.55956459;95.462
0.1429359;-1.450925759;-10.76377728;95.561
0.2977041;-1.207834721;-10.15750416;95.52
0.4870223;-1.03814821;-9.699444631;95.503
0.7074199;-0.909090208;-9.312270623;95.503
0.9566881;-0.762681995;-8.996045985;95.462
1.229623;-0.72337469;-8.779124069;95.495
1.52275;-0.658632231;-8.461896693;95.536
1.831023;-0.627048684;-8.145146053;95.61
2.149079;-0.489584443;-7.783753329;95.593
2.471864;0.710766758;-7.254699727;95.569
2.794021;0.851491237;-6.610526289;95.643
3.110183;1.168130895;-5.636607316;95.651
3.414511;1.551731635;-4.338805094;95.7
3.701488;2.132174849;-2.672475453;95.675
3.965901;2.832778099;-0.495665703;95.7
4.202706;3.646637987;2.116913961;95.757
4.407644;5.547049562;4.599148687;95.684
4.577558;6.259248338;6.981745013;95.766
4.709607;6.904320817;8.889962452;95.757
4.801583;7.281986965;10.07396089;95.774
4.852383;7.435295209;10.58188563;95.79
4.862797;7.252659393;9.763978179;95.7
4.831558;6.077384926;6.262154777;95.708
4.764351;3.960547485;-0.259357544;95.651
4.662591;2.480736537;-4.821790389;95.61
4.525494;1.806785216;-6.819644353;95.618
4.353688;1.496449766;-7.702650703;95.634
4.149224;1.414289101;-8.072132697;95.593
3.916206;1.304662939;-8.326011182;95.618
3.657155;1.150199721;-8.468400838;95.725
3.377753;1.137362444;-8.680912667;95.667
3.081943;1.080822905;-8.898531285;95.651
2.775563;0.868969717;-9.093090848;95.798
2.463662;-0.196862588;-9.362587765;95.774
2.151445;-0.196758129;-9.608274387;95.692
1.844276;-0.343676566;-9.977029699;95.716
1.548781;-0.491041284;-10.34412385;95.741
1.269379;-0.647034189;-10.73710257;95.766
1.010801;-0.71193267;-11.12979801;95.7
0.7779406;-0.883769246;-11.57030774;95.725
0.5756856;-1.037689986;-11.96006996;95.749
0.4067189;-2.093982388;-12.32394716;95.684
0.2749865;-2.172322241;-12.58596672;95.675
0.1823771;-2.274544608;-12.74263382;95.725
0.1309462;-2.194542955;-12.84762886;95.61
0.1208491;-2.195162812;-12.75048844;95.643
0.1544538;-1.939788756;-12.40436627;95.503
0.2292331;-1.691708792;-11.58512638;95.528
0.3442437;-1.418446793;-10.76534038;95.528
0.4988547;-0.258261642;-10.11378493;95.585
0.6897509;-0.047935394;-9.581806183;95.552
0.9145663;0.023952026;-9.267143921;95.585
1.169987;0.185465839;-8.953602482;95.528
1.451439;1.193529292;-8.782412125;95.577
1.754507;1.225361448;-8.464915656;95.651
2.074612;1.38768823;-8.124935309;95.602
2.406078;1.410230062;-7.763309813;95.7
2.743852;1.497559373;-7.330321881;95.757
3.081786;1.695632912;-6.709101264;95.766
3.414511;1.931839183;-5.904482452;95.798
3.73588;3.235061385;-4.748815846;95.88
4.040997;3.822815047;-3.10855486;95.839
4.322608;4.438783558;-0.987649326;95.93
4.577558;5.356707254;1.616121763;95.88
4.799374;6.090209828;4.113629483;95.979
4.985065;6.999094008;6.789282025;95.962
5.131785;7.585309718;8.547929154;95.962
5.236858;8.038693626;9.959080879;95.979
5.299334;9.241058157;10.39217447;95.921
5.318738;9.00471978;9.857159339;95.979
5.295704;8.703386509;8.533159528;95.839
5.232283;5.994117789;0.651353368;95.921
5.133206;4.325717694;-4.401846919;95.905
4.997054;3.690613851;-6.601158446;95.807
4.824301;3.236579304;-7.546262089;95.946
4.61684;3.170998353;-7.914004942;95.889
4.377826;2.003851506;-8.169445482;95.971
4.111677;1.949309031;-8.309072907;95.979
3.82202;1.804433005;-8.548700985;96.044
3.515483;1.77263823;-8.71608531;96.02
3.196323;1.601052991;-8.960841026;96.11
2.870381;1.561015902;-9.179952293;96.077
2.542702;1.414065887;-9.473802339;96.126
2.219914;1.338844146;-9.771467562;96.102
1.907223;0.184003685;-10.16398894;96.126
1.610783;0.003976709;-10.55706987;96.175
1.33501;-0.119220685;-10.99866205;96.151
1.085425;-0.249928119;-11.39078436;96.151
0.866604;-0.469743194;-11.80422958;96.233
0.6826507;-1.484244498;-12.16873349;96.126
0.536718;-1.612634985;-12.45490496;96.159
0.4310145;-1.657861321;-12.63858396;96.143
0.368382;-1.693243164;-12.74472949;96.143
0.349135;-1.644325722;-12.64897717;96.126
0.3746923;-1.595033136;-12.42609941;96.151
0.4439513;-1.265104923;-11.65831477;96.077
0.5562814;-1.033219368;-10.8636581;96.11
0.7094716;-0.709851325;-10.11555398;96.036
0.9016294;-0.590399437;-9.610198312;96.085
1.129599;-0.412651161;-9.223953484;96.036
1.390385;-0.381353161;-8.908059484;96.11
1.679411;0.666252747;-8.642241759;96.151
1.992102;0.747811172;-8.421566483;96.143
2.323725;0.927133338;-8.129599985;96.061
2.66844;0.885625385;-7.813123844;96.208
3.020415;1.021716878;-7.452849366;96.192
3.374282;1.181021501;-6.926935497;96.208
3.723732;1.401084236;-6.167747291;96.241
4.062612;1.688602431;-5.158192706;96.29
4.385241;2.201177594;-3.521467218;96.323
4.685626;2.916975922;-1.545072234;96.266
4.958086;3.605977065;0.815931196;96.364
5.197258;4.538853613;3.491560839;96.323
5.399986;5.35732017;5.922960511;96.315
5.561853;6.085316089;8.229948266;96.356
5.680809;6.601168327;9.726504981;96.339
5.755589;6.881587739;10.64276322;96.364
5.784933;6.880488453;10.27046536;96.241
5.769787;6.488076765;9.045230295;96.225
5.712046;4.04983812;1.45751436;96.134
5.616756;2.14407457;-3.938776291;96.241
5.482499;1.385840874;-6.312477377;96.208
5.308957;1.123419259;-7.345742223;96.126
5.098814;0.870274369;-7.736176894;96.249
4.854908;-0.041901027;-8.01270308;96.069
4.581816;-0.137013008;-8.199039023;96.102
4.283798;-0.208164807;-8.388494422;96.11
3.965744;-0.386028435;-8.628085304;96.208
3.634278;-0.500774731;-8.825324193;96.257
3.294295;-0.541858501;-9.044575502;96.225
2.951787;-0.66418563;-9.363556891;96.241
2.613065;-0.714065229;-9.636195686;96.2
2.28381;-1.820835699;-9.980507098;96.192
1.969541;-1.935407961;-10.34822388;96.184
1.676571;-2.0985753;-10.7897259;96.2
1.410106;-2.16335702;-11.18207106;96.134
1.17472;-2.260813295;-11.62143988;96.085
0.9748327;-2.358512574;-11.98653772;96.061
0.8139114;-2.625196999;-12.345591;96.208
0.6946403;-2.540394747;-12.55618424;96.053
0.6200182;-3.542921643;-12.68676493;96.012
0.5909885;-3.626421998;-12.66726599;96.102
0.607555;-3.487004835;-12.4950145;96.02
0.6706611;-3.174475446;-11.75542634;95.954
0.7788879;-2.844691347;-10.86507404;95.921
0.9301836;-2.604356068;-10.0930682;95.938
1.122815;-2.420555947;-9.56566784;95.93
1.353469;-1.290689299;-9.203067896;95.921
1.618671;-1.177984504;-8.912953513;95.905
1.91464;-1.014487109;-8.644461326;95.831
2.236638;-0.958184711;-8.400554134;95.856
2.579303;-0.901776073;-8.108328219;95.897
2.935696;-0.853167625;-7.839502876;95.938
3.302341;-0.666585128;-7.453755383;95.88
3.671513;-0.573194404;-6.975583211;95.946
4.037843;-0.385793939;-6.314381818;95.979
4.393919;0.886843458;-5.373469627;96.02
4.734533;1.360802338;-3.975592985;96.012
5.052746;1.937623364;-2.098129907;96.061
5.343191;2.707827832;0.137483496;96.036
5.600663;4.53195983;2.75687949;96.085
5.819799;5.410257262;5.295771787;96.053
5.99839;6.093154793;7.638464378;96.151
6.131702;6.768992363;9.49497709;96.094
6.219103;7.129141058;10.50042317;96.069
6.259492;7.200927523;10.51778257;96.003
6.253654;6.818388639;9.322165917;95.987
6.201906;4.539177668;2.532533004;96.003
6.11072;2.532900397;-3.387298809;96.036
5.979143;1.638674232;-6.093977303;96.028
5.805917;1.288544559;-7.192366324;96.012
5.593565;1.176895181;-7.578314458;95.995
5.345716;1.061608494;-7.900174519;96.003
5.066313;1.11883518;-7.923494461;95.938
4.759933;0.952033613;-8.252899161;95.995
4.432096;-0.153491626;-8.494474879;96.02
4.0888;-0.192852699;-8.711558096;95.987
3.734619;-0.257131135;-9.003393405;95.954
3.377438;-0.355624569;-9.274873708;95.962
3.022466;-0.521702298;-9.500106895;96.053
2.676171;-0.602490602;-9.892471807;96.003
2.345021;-0.750154698;-10.26046409;96.028
2.034699;-0.930290958;-10.65387287;96.077
1.751193;-0.987816978;-11.12045093;95.979
1.498928;-1.101744409;-11.48623323;95.971
1.282316;-1.29657148;-11.92371444;96.02
1.105934;-1.408081081;-12.30924324;96.003
0.9726238;-1.511383908;-12.54415173;96.028
0.8853793;-1.612910694;-12.70173208;96.077
0.8454645;-1.533188133;-12.7325644;95.987
0.8533527;-1.491991778;-12.58497533;95.995
0.9092013;-1.278762635;-11.8222879;96.036
1.012537;-0.885125106;-10.91137532;95.946
1.161311;-0.58774276;-10.11822828;95.913
1.35331;-0.388123027;-9.54336908;95.905
1.586014;-0.324457662;-9.181372987;95.962
1.855478;-0.252348185;-8.866044554;95.995
2.157755;-0.146803968;-8.648411905;95.962
2.487957;0.918426341;-8.401720977;95.979
2.840877;1.05692098;-8.109237061;95.938
3.209733;1.031942854;-7.890171437;96.036
3.589788;1.153127163;-7.52661851;96.036
3.974263;1.22279268;-7.095621959;96.11
4.356527;2.386621616;-6.457135153;96.159
4.729801;2.658301656;-5.567095031;96.184
5.0884;3.087230253;-4.37930924;96.151
5.424756;3.557116222;-2.624651335;96.266
5.733659;4.259123411;-0.371629768;96.315
6.00896;5.167156749;2.352470246;96.315
6.245765;6.07007184;5.133215519;96.339
6.439658;6.915028436;7.719085307;96.356
6.587959;8.652243453;9.90673036;96.348
6.688138;9.081317319;11.34095196;96.397
6.739098;9.163106459;11.58631938;96.397
6.741938;8.714883876;10.46365163;96.471
6.696343;6.897303358;4.764910075;96.389
6.609415;4.478001039;-2.615996882;96.348
6.480363;3.436313265;-5.717060205;96.356
6.308557;3.04389847;-6.96930459;96.331
6.095257;2.827169696;-7.445490913;96.389
5.843938;2.800521432;-7.675435703;96.339
5.558541;2.552016188;-7.928951437;96.503
5.24443;2.510468645;-8.026594064;96.512
4.90697;1.440439089;-8.311682734;96.487
4.551684;1.377840529;-8.622478412;96.446
4.185037;1.262844136;-8.844467593;96.487
3.812711;1.131387336;-9.115837993;96.528
3.442279;0.139867235;-9.411398294;96.421
3.07926;-0.089992087;-9.75597626;96.536
2.731073;-0.123519407;-10.12655822;96.446
2.403079;-0.246311377;-10.54293413;96.43
2.101433;-0.531139016;-11.05541705;96.544
1.831654;-0.612811323;-11.44743397;96.495
1.598477;-0.808678365;-11.8370351;96.561
1.406162;-0.888757773;-12.20027332;96.52
1.257863;-2.03287655;-12.53362965;96.553
1.157051;-2.101851056;-12.69255317;96.569
1.105303;-2.038005845;-12.77101754;96.479
1.102621;-2.013385421;-12.62515626;96.503
1.150898;-1.826099992;-11.98829998;96.528
1.248396;-1.343122907;-11.03136872;96.364
1.393068;-1.120229514;-10.19168854;96.421
1.583647;-0.880010621;-9.567031863;96.389
1.816667;-0.808796443;-9.134389329;96.462
2.089284;-0.63030777;-8.84492331;96.38
2.396612;-0.598766334;-8.627299003;96.421
2.734386;-0.533496148;-8.380488443;96.438
3.095984;0.540018351;-8.087944947;96.462
3.476513;0.702047345;-7.820857966;96.389
3.869664;0.652619582;-7.552141254;96.528
4.267864;0.819747856;-7.098756432;96.512
4.665905;0.848284058;-6.671147826;96.626
5.055585;1.161892438;-5.826322686;96.594
5.431696;1.499305175;-4.643084475;96.651
5.785564;2.02012929;-3.00561213;96.676
6.113086;2.795788919;-0.876633243;96.61
6.406213;3.560635383;1.492906148;96.635
6.66053;4.385257414;4.260772242;96.733
6.871304;5.341604101;6.859812302;96.643
7.035538;4.992622308;9.082866924;96.733
7.149761;5.630348049;10.87304415;96.692
7.213498;5.809977691;11.43593307;96.7
7.226749;6.554469726;10.54640918;96.659
7.189517;4.686417538;4.648252615;96.561
7.108899;2.409444625;-2.305666125;96.52
6.983948;1.309208533;-5.435374402;96.577
6.813562;0.887648942;-6.748053173;96.561
6.599792;0.731456182;-7.291631455;96.536
6.345473;0.665533593;-7.588399221;96.503
6.055502;0.636097028;-7.772708916;96.471
5.733819;-0.501228348;-7.938685044;96.553
5.387207;-0.52184786;-8.198543581;96.487
5.020719;-0.612238765;-8.370716296;96.52
4.641294;-0.766369348;-8.686108044;96.569
4.25477;-0.847915115;-8.954745345;96.561
3.868719;-0.9222161;-9.252648301;96.536
3.868719;-0.9222161;-9.252648301;96.536
