0;96.814;0;0
0.000160395;96.69958336;0.049750088;0.131
0.001112988;97.7405832;0.049749614;0.09
0.003974676;97.90841729;0.65225186;0.123
0.009220779;98.5011885;2.799565505;0.246
0.01717013;99.2260141;5.466042313;0.41
0.02925455;100.1530804;8.814241283;0.599
0.04594741;100.1474993;13.07549782;1.025
0.06756949;101.1733223;17.67696677;1.533
0.09253053;102.1019696;22.87490876;2.337
0.1194007;102.4402354;27.28570614;3.469
0.1469046;102.423573;31.14471901;4.772
0.1747273;102.122117;34.35035091;6.142
0.2006429;101.670413;37.00323909;7.478
0.2243306;100.9314665;39.2143994;8.954
0.2457942;100.167512;40.98153613;10.307
0.2636001;99.42478183;42.17334549;11.447
0.2775916;99.10000728;42.87302185;12.005
0.2877669;98.54227119;42.94581357;12.587
0.2934903;96.54174182;42.52722546;13.448
0.2949221;95.75330222;41.58690665;13.923
0.2914228;95.12037749;40.18013248;14.087
0.2829981;94.444148;38.67044399;14.26
0.2690066;94.4057497;36.1702491;14.465
0.251676;92.5516112;30.43383361;14.407
0.2316442;90.92023111;24.82569334;14.169
0.209228;89.24862137;18.8268641;13.841
0.1850611;86.39037876;12.61313628;13.628
0.158987;84.6585235;6.556570515;13.341
0.1314831;83.06454845;0.91364536;13.054
0.1022286;81.72186463;-3.531406121;12.915
0.07154417;80.74282758;-9.912517248;12.767
0.04054287;79.26268247;-14.6979526;12.652
0.0089039;77.84677449;-18.96967652;12.644
-0.02257663;76.56167674;-22.03596979;12.907
-0.05453248;75.30341355;-24.55675934;13.325
-0.08664677;74.02701868;-26.73894397;13.874
-0.1178085;72.98566039;-27.79601882;14.563
-0.1480156;71.82628051;-29.03615846;15.309
-0.1767929;70.76454624;-29.90836128;16.08
-0.2022312;69.75414538;-30.67756387;16.834
-0.2248078;68.93732464;-31.20802608;17.474
-0.2434078;67.99139222;-31.68482335;18.261
-0.2569221;67.33186909;-31.79439273;18.884
-0.2661429;66.83144561;-31.74466317;19.401
-0.2696423;66.47701554;-31.37995339;19.877
-0.2674163;66.17062777;-30.77511669;20.385
-0.2586708;66.20919811;-30.14340567;20.557
-0.2438851;65.15646533;-29.58760402;20.795
-0.2225818;65.79976706;-26.69769882;21.115
-0.1974624;66.65951991;-22.49544026;21.656
-0.169002;68.61656004;-17.53331988;22.353
-0.137365;69.66987987;-11.79036038;23.214
-0.1044546;70.62722549;-6.236323518;24.108
-0.06963507;71.54441568;-0.262752955;25.182
-0.03450066;71.0863476;4.291042805;26.158
0.002225975;71.84241321;9.28923963;27.068
0.03942988;72.66509264;14.46327793;27.97
0.07583768;73.34300323;19.3740097;28.929
0.1109741;74.97991133;23.96673398;29.823
0.1438845;75.44059878;27.98279635;30.701
0.1752046;75.82842262;31.55526786;31.504
0.203663;76.1185418;34.4176254;32.168
0.2284656;76.33016629;37.02049888;32.824
0.249452;76.37159938;38.91779815;33.415
0.2661448;76.15366836;40.05800509;34.013
0.2780689;75.93944441;40.54933324;34.391
0.2852241;75.67792932;40.59878796;34.669
0.2869728;75.1629808;39.8429424;34.932
0.2826793;74.75863605;38.82490814;34.997
0.2726624;74.41917809;37.73453428;34.973
0.2564468;73.67883071;35.33949214;34.915
0.2354604;71.52175219;28.37625656;34.751
0.2122481;69.73581857;22.40345572;34.546
0.1864929;67.95248535;16.24345606;34.276
0.1573968;66.0399825;9.743947485;34.022
0.1260766;64.33041663;3.580249899;33.677
0.09189482;62.91370593;-1.308882221;33.464
0.05500975;61.32474516;-7.035764529;33.144
0.01653442;59.81081291;-12.60956126;32.8
-0.02337078;58.59742063;-17.0627381;32.529
-0.06486624;57.61659566;-20.84221301;32.25
-0.1071559;56.81451392;-23.83645825;32.054
-0.1511961;56.10872121;-26.12783638;31.996
-0.195076;55.65097092;-27.87008725;31.873
-0.2391163;55.05283662;-29.22049015;32.021
-0.2820416;54.58996398;-30.04510807;32.209
-0.3236974;54.03899229;-30.68702314;32.546
-0.3628085;52.50945918;-31.12062247;32.931
-0.3982618;51.98969906;-31.49790283;33.325
-0.429265;51.49478412;-31.48264763;33.825
-0.455339;51.06106323;-31.75181032;34.169
-0.4747351;50.7223507;-31.73294789;34.514
-0.4877722;50.36931033;-31.71206902;34.874
-0.4931767;50.3112113;-31.3193661;35.063
-0.491428;50.23363222;-30.76610335;35.325
-0.4814131;50.18728622;-30.26314134;35.539
-0.4632884;50.19362358;-29.68012925;35.727
-0.4376916;50.85299155;-26.54402534;36.113
-0.4060527;51.51828134;-22.77815599;36.703
-0.369326;52.1377482;-18.0427554;37.662
-0.3283078;52.78450022;-13.09949934;38.663
-0.284428;53.40513814;-7.400585566;39.942
-0.2372091;53.8240496;-2.2828512;41.229
-0.1885585;54.17527085;2.436812543;42.451
-0.1381591;54.50267731;7.232031918;43.722
-0.0869656;55.86232331;11.70696993;44.854
-0.03577209;56.29907511;16.43722533;45.994
0.01383312;56.79943361;20.66830082;46.904
0.06200456;57.21104002;24.63312005;47.814
0.1060448;57.6247671;28.28330129;48.617
0.1475403;58.08318052;31.43154157;49.208
0.1834708;58.19286118;33.87558355;49.913
0.2143156;58.54149286;35.98047859;50.266
0.2392767;58.59161224;37.43283671;50.7
0.2574013;58.58269921;38.36609763;51.02
0.2685293;58.49537245;38.59611734;51.184
0.2723455;58.16522908;38.07368724;51.34
0.2688481;57.79998341;36.97795022;51.34
0.2570825;57.27216292;35.83548877;51.487
0.2373676;55.98641658;31.58524973;51.356
0.2132026;53.95888876;24.96266627;51.176
0.1847442;52.11674414;18.67423241;50.922
0.1518338;49.11068218;11.96604655;50.692
0.115426;47.18970802;5.513124047;50.462
0.07472469;45.564571;0.049712992;50.266
0.02941299;44.24664604;-4.396061887;50.102
-0.01939611;42.81940921;-9.343772367;49.88
-0.07186104;41.63047985;-13.37856044;49.724
-0.1270292;40.76276526;-16.76770422;49.462
-0.1845838;40.11001809;-19.63494572;49.159
-0.2438851;39.62328384;-22.00714849;48.855
-0.3046182;39.37515831;-23.85852507;48.486
-0.3653513;39.21808639;-25.26274084;48.175
-0.4257676;39.28035875;-26.32992375;47.757
-0.4842747;39.24450873;-27.02847382;47.56
-0.5402371;39.18430039;-27.67709884;47.404
-0.5919079;39.2814444;-27.95266679;47.215
-0.6386514;39.22168778;-28.25493667;47.174
-0.6790339;39.09713894;-28.50558319;47.215
-0.7127385;39.05034835;-28.64595495;47.215
-0.7380183;38.99731771;-28.70604688;47.248
-0.7545527;38.98038391;-28.65784826;47.281
-0.7621832;39.01085085;-28.39544746;47.338
-0.760593;39.00317431;-27.97447708;47.486
-0.7483521;38.96411046;-27.57566863;47.658
-0.7260943;38.92945877;-27.04062369;47.871
-0.6949326;39.66934302;-23.68697094;48.249
-0.6566157;40.0288777;-20.17536689;49.06
-0.6109871;40.28599727;-16.05900819;50.175
-0.559952;40.42223527;-11.7622942;51.471
-0.5041481;40.4184739;-7.444578299;52.914
-0.4438923;40.48316393;-2.945508219;54.349
-0.3806143;40.4230407;1.548122112;55.907
-0.3152708;40.29639291;5.326178731;57.293
-0.2486559;40.34998898;9.101966937;58.498
-0.1817221;40.60112006;13.08036019;59.573
-0.1163786;40.73689148;16.68567443;60.639
-0.05326105;41.10216268;20.28948803;61.475
0.006042212;41.45338679;23.28716038;62.123
0.06089156;41.86031738;26.22995213;62.697
0.1093838;42.21444475;28.59433426;63.131
0.1511981;42.51058735;30.54176205;63.484
0.1849026;42.74603857;31.8391157;63.681
0.2101806;42.77693374;32.76880121;63.96
0.2262397;42.88363435;33.25990306;64.017
0.2327572;42.76158188;32.89374565;64.017
0.2295786;42.43221725;31.92965174;64.025
0.2163812;42.08374198;30.83622593;64.009
0.1933293;40.61294816;26.32484447;63.976
0.1642331;39.66698511;20.19295534;63.878
0.1283026;37.65683698;13.27451093;63.582
0.08744287;35.67053637;6.82360912;63.418
0.04054287;33.89888029;1.436640878;63.394
-0.01287662;31.69253845;-2.305384638;63.353
-0.07217988;30.35097699;-6.627069041;63.254
-0.1365688;29.25541768;-9.985746948;63.23
-0.205887;28.60115383;-12.66253852;62.992
-0.2796572;28.17866681;-15.06099957;62.615
-0.3564494;27.93548095;-17.11955716;62.172
-0.4353053;27.87642622;-18.89572135;61.639
-0.5151176;28.03821267;-20.33036199;60.999
-0.5946111;28.39204659;-21.53086022;60.245
-0.6721975;28.79861448;-22.54915657;59.499
-0.7467618;29.14572665;-23.32882006;58.892
-0.8167157;29.58584391;-23.95246826;58.244
-0.8811047;29.9298146;-24.44455621;57.736
-0.9385008;30.22942606;-24.82672182;57.309
-0.9873099;30.49766341;-25.12900976;56.94
-1.026738;30.65433991;-25.29798026;56.727
-1.055832;30.8966012;-25.33319641;56.473
-1.073798;30.96179255;-25.28462235;56.424
-1.080635;31.11846047;-24.8896186;56.399
-1.075864;31.10162909;-24.59511273;56.514
-1.058694;31.09454111;-24.24737666;56.637
-1.029758;31.29856812;-23.34129563;56.735
-0.99033;31.54010549;-20.74468352;57.359
-0.9415209;31.81488179;-17.16635464;58.277
-0.8842852;31.6629812;-13.51505639;59.646
-0.8203735;31.4295773;-9.736268093;61.139
-0.7499424;30.83109313;-6.170720616;62.926
-0.6739462;30.41548903;-2.398532897;64.599
-0.5944527;29.80871206;0.998136189;66.338
-0.5120975;29.42539327;4.153179806;67.773
-0.4278332;29.17007123;7.200213688;69.044
-0.3435708;29.07555326;10.18665977;70.134
-0.2610572;29.16502254;13.03806761;70.995
-0.1815637;29.43546202;16.01538605;71.717
-0.1065201;29.71456103;18.59868308;72.299
-0.03783766;30.17706162;20.99418486;72.635
0.02321234;30.56676176;23.04828528;72.93
0.0753604;30.93419399;24.86458196;73.168
0.11765;31.28366558;26.13499673;73.242
0.1489721;31.43667108;26.96301324;73.365
0.1690039;31.57904597;27.19213792;73.299
0.1771117;31.44938756;26.87816268;73.324
0.1736143;31.06355859;25.99067577;73.414
0.1569215;30.88309357;25.13128071;73.308
0.1287799;29.59595968;20.80187904;73.152
0.09205326;27.32437429;13.59412286;73.021
0.04769611;25.33770681;7.166120423;72.865
-0.004133116;23.66776468;2.32729405;72.922
-0.0647078;22.47477619;-0.735671428;73.094
-0.1341844;21.30330453;-4.298086404;73.078
-0.2111351;20.4371248;-6.896625598;73.078
-0.2950786;19.9059222;-9.081233392;72.881
-0.384589;19.5692994;-10.9011018;72.611
-0.4790267;19.53023722;-12.64428835;72.069
-0.5769637;19.7704917;-14.18552489;71.315
-0.6768079;20.08845127;-15.5686462;70.536
-0.7768105;20.58941872;-16.79574385;69.626
-0.8750644;21.10007509;-17.92177474;68.74
-0.9699794;21.71224424;-18.89026729;67.805
-1.059807;22.27129052;-19.62212845;67.002
-1.143275;22.90736277;-20.27291169;66.149
-1.218477;23.48848407;-20.79154778;65.395
-1.284456;23.99146176;-21.20261473;64.755
-1.339305;24.33313348;-21.53059956;64.304
-1.382074;24.61762505;-21.85912485;63.91
-1.412123;24.91046541;-21.86560376;63.615
-1.428022;25.07407738;-21.81576787;63.468
-1.431519;25.22901325;-21.52496026;63.41
-1.420389;25.22172977;-21.17781069;63.533
-1.394634;25.27967367;-20.880979;63.574
-1.354887;25.57046586;-18.80260241;63.976
-1.304329;25.63190715;-16.03527856;64.837
-1.242642;25.37726772;-13.03419684;66.092
-1.171098;24.84506002;-10.00781994;67.633
-1.090968;24.14870544;-6.906883693;69.363
-1.003209;23.34200748;-3.938977564;71.159
-0.9089274;22.4813573;-1.084928103;72.971
-0.8108339;21.74424707;1.476741222;74.562
-0.709241;21.19372801;3.713184028;75.858
-0.6065351;20.91839416;6.184182483;76.957
-0.5038293;20.7433377;8.389013115;77.867
-0.4036683;20.74626446;10.61179337;78.605
-0.3074799;21.0040422;12.8611266;79.097
-0.2174942;21.24813564;14.94640692;79.548
-0.1357747;21.6661945;16.7165835;79.72
-0.0629591;21.97509749;18.40529247;79.974
-0.00206558;22.34407821;19.80923464;80.073
0.0470604;22.7231298;20.87138941;80.048
0.0825156;22.99611424;21.54334272;79.999
0.1036604;23.09031021;21.82593063;79.999
0.1106552;22.99332404;21.45997212;79.974
0.1028643;22.74801586;20.62504758;79.941
0.08060651;22.49943277;19.66029832;79.868
0.04467598;20.40355472;13.07566415;79.769
-0.001271427;18.52337217;7.117116524;79.663
-0.05771104;16.95005076;2.61615229;79.736
-0.1251221;15.84030207;0.024906211;79.982
-0.2036611;14.78629435;-2.570116957;80.171
-0.2926942;14.08514535;-4.67356395;80.171
-0.3903124;13.64796531;-6.279104067;80.073
-0.4966741;13.48370044;-7.707898692;79.761
-0.6097157;13.55964869;-9.004053928;79.253
-0.7268884;13.85591566;-10.28125302;78.531
-0.8469229;14.33561684;-11.42514948;77.67
-0.9680722;14.86809533;-12.68071402;76.719
-1.088265;15.53470988;-13.77987036;75.686
-1.204644;16.20275916;-14.80272252;74.677
-1.315776;16.99711384;-15.69265847;73.586
-1.419595;17.67429385;-16.58611845;72.611
-1.514191;18.34106609;-17.29180172;71.709
-1.598137;18.95224699;-17.91825902;70.889
-1.669204;19.54642785;-18.30171646;70.167
-1.726917;19.96112313;-18.63263062;69.642
-1.769683;20.34044478;-18.77266565;69.216
-1.796712;20.56696367;-18.83110899;68.97
-1.807681;20.75975056;-18.67274832;68.83
-1.802594;20.7996037;-18.37918891;68.888
-1.780178;20.77465706;-18.13602883;68.994
-1.741544;20.88206926;-16.87779223;69.306
-1.688441;20.87200608;-14.15398177;70.224
-1.622303;20.61312402;-11.45962793;71.381
-1.543446;19.79353816;-8.902385519;73.053
-1.4533;18.9148366;-6.690490195;74.669
-1.353297;17.87734468;-4.243965963;76.522
-1.244709;17.01896368;-2.121108957;78.088
-1.129761;16.24029735;-0.053107943;79.556
-1.010203;15.49606022;1.848180669;80.934
-0.8874657;14.98689295;3.641678854;82.041
-0.7645677;14.74598293;5.402948805;82.869
-0.6432618;14.55136786;7.057103585;83.615
-0.5246572;14.66042788;8.785283641;84.082
-0.4125702;14.76361878;10.35185635;84.501
-0.3089117;15.19528763;11.94086289;84.599
-0.2154267;15.56800263;13.50300788;84.747
-0.1341844;15.93663494;14.80390481;84.812
-0.0664565;16.33877932;15.83933796;84.755
-0.01398961;16.69092471;16.74877412;84.706
0.02209936;16.9189954;17.15998621;84.615
0.04101819;16.87691301;17.15673902;84.656
0.04372144;16.77599724;16.65899171;84.591
0.02845845;16.55977006;16.03431018;84.599
-0.004133116;15.5698641;12.7945923;84.509
-0.0505578;13.68846036;6.805381078;84.394
-0.1103364;12.27312929;2.880387858;84.501
-0.1836292;11.29643596;0.811307894;84.788
-0.2712305;10.30825405;-1.391237845;85.042
-0.371552;9.653118076;-2.915645772;85.189
-0.4834786;9.354074788;-4.154775635;85.075
-0.605741;9.229833752;-5.241498744;84.837
-0.7365865;9.380013045;-6.194960864;84.369
-0.8733158;9.632646513;-7.207060461;83.779
-1.014337;10.14725656;-8.222230322;82.926
-1.156948;10.74249514;-9.265514566;81.983
-1.298764;11.41079107;-10.3116268;80.966
-1.438037;12.06256316;-11.33231053;79.974
-1.571268;12.86370455;-12.22588636;78.875
-1.696391;13.53379551;-13.09261347;77.916
-1.811817;14.36901101;-13.93196696;76.801
-1.915317;14.97960031;-14.56019908;75.981
-2.004031;15.55276076;-15.10571773;75.226
-2.077324;16.10319648;-15.54541056;74.529
-2.134241;16.61697863;-15.87306412;73.906
-2.172716;16.7564455;-16.0936635;73.693
-2.192272;17.06878058;-16.01765825;73.406
-2.193861;17.166141;-15.749577;73.398
-2.175261;17.21552367;-15.47842899;73.439
-2.137898;17.40077401;-13.81567798;73.808
-2.083524;17.09158402;-11.64424793;74.841
-2.012457;16.56409024;-9.611729283;76.046
-1.926445;15.52706298;-7.628811049;77.744
-1.826602;13.66344802;-5.569655927;80.294
-1.713879;13.6209876;-3.753037199;81.942
-1.590823;13.34390616;-2.100281533;82.77
-1.458865;12.29022704;-0.611318888;84.32
-1.320387;11.22764148;0.898924451;85.886
-1.177298;10.93105434;2.223163014;86.624
-1.03278;10.84527069;3.540812077;87.149
-0.8884183;10.37249895;4.80449684;88.043
-0.747556;10.20229445;6.114883349;88.65
-0.6125774;10.59827636;7.449829087;88.699
-0.4861819;10.85271728;8.729151826;88.871
-0.3702806;10.98860972;9.925829155;89.134
-0.2678936;11.54586204;11.20158611;89.002
-0.1806091;11.98957126;12.16371378;88.879
-0.1101779;12.29848236;13.01844708;88.855
-0.05818832;12.50345538;13.53436615;88.822
-0.0257552;12.79006637;13.95019911;88.674
-0.01303702;12.7279543;13.79086289;88.683
-0.01987338;12.53638567;13.18915701;88.674
-0.04753572;12.21115947;12.04247841;88.617
-0.09380196;10.51105706;6.573171194;88.494
-0.1553292;9.175397024;2.959191072;88.625
-0.2341871;8.088715504;0.734146512;88.97
-0.3298981;7.364494488;-0.604516537;89.248
-0.4410287;6.816231014;-1.682306957;89.437
-0.5671073;6.649790756;-2.526627731;89.322
-0.7054248;6.516138074;-3.320585778;89.191
-0.8536008;6.586989888;-4.092030335;88.863
-1.010362;6.919577741;-4.891266778;88.264
-1.172211;7.405150917;-5.771547248;87.485
-1.336921;7.889133547;-6.629599359;86.715
-1.500837;8.577448746;-7.543653763;85.722
-1.663005;9.219677941;-8.541966178;84.747
-1.819605;9.898616676;-9.433149973;83.771
-1.967146;10.56756672;-10.35429984;82.795
-2.103875;11.35606504;-11.08780488;81.762
-2.227248;12.08033029;-11.76800913;80.811
-2.335361;12.74624965;-12.47625104;79.909
-2.425505;13.21273042;-12.99680874;79.269
-2.496574;13.66757568;-13.35427295;78.695
-2.547448;14.11906681;-13.55079958;78.178
-2.577178;14.31084571;-13.66246287;77.949
-2.585288;14.53685122;-13.52744634;77.768
-2.571138;14.44725657;-13.20523029;77.965
-2.535683;13.56054648;-11.85736055;78.301
-2.479562;13.2347931;-10.02962069;79.236
-2.404043;12.73689272;-8.202321834;80.343
-2.310717;12.89583599;-6.345492017;81.803
-2.200222;11.91071066;-4.626868013;83.361
-2.074781;10.91761832;-3.154145035;84.845
-1.93678;10.10880154;-1.842595391;86.091
-1.787172;9.247567656;-0.613297032;87.362
-1.62914;8.699808986;0.449426959;88.264
-1.465382;8.175443153;1.486329459;89.134
-1.298446;7.821269173;2.46380752;89.814
-1.131192;7.512926859;3.359780577;90.421
-0.9666404;7.401001789;4.278005367;90.839
-0.8078118;7.566813111;5.168439334;90.97
-0.6577287;7.767716676;6.215150027;91.118
-0.5189338;8.0671786;7.2845358;91.175
-0.3944455;8.462471273;8.29941382;91.118
-0.2864935;8.792113984;9.288341952;91.118
-0.197302;9.158217194;10.04165158;91.003
-0.1286195;9.506155892;10.74046768;90.888
-0.08140066;9.773879437;11.07563831;90.732
-0.05707533;9.856714993;11.15314498;90.675
-0.05500975;9.725741981;10.76022594;90.675
-0.07679027;9.560561802;10.2646854;90.675
-0.1206701;8.315490515;6.259471545;90.585
-0.1839481;7.082605164;2.854815492;90.683
-0.2674163;6.126630403;0.99489121;91.019
-0.3705975;5.432752667;-0.027741998;91.372
-0.492541;4.97221326;-0.86936022;91.552
-0.6311774;4.793358852;-1.501923443;91.52
-0.7850767;4.675101073;-2.03069678;91.462
-0.9515378;4.741228859;-2.642313423;91.192
-1.127376;5.135202375;-3.281392874;90.585
-1.31037;5.478014535;-3.950956394;90.019
-1.497021;5.857438443;-4.729684671;89.38
-1.684785;6.417465078;-5.536604765;88.551
-1.870005;6.991561979;-6.346314063;87.707
-2.049978;7.678948815;-7.212153554;86.731
-2.220889;8.398569627;-8.08029112;85.722
-2.380354;8.069002055;-8.921993836;84.771
-2.524396;8.723065202;-9.713804395;83.853
-2.652222;9.469866342;-10.44940097;82.861
-2.760013;9.920265455;-10.94320363;82.246
-2.847139;10.4786206;-11.41013819;81.532
-2.910734;10.94965073;-11.76704781;80.942
-2.950958;11.2240752;-11.8797744;80.63
-2.966698;11.40698004;-11.79905987;80.474
-2.957795;11.37146121;-11.58461637;80.581
-2.923771;11.42421933;-10.34334202;80.942
-2.866535;11.08844076;-8.66867771;81.836
-2.786725;10.45708545;-7.022743661;83.016
-2.685926;9.653194089;-5.375417734;84.369
-2.565573;8.645155483;-3.920533551;85.862
-2.427414;7.687915677;-2.709252969;87.223
-2.273673;6.85028495;-1.58014515;88.437
-2.106418;6.164799703;-0.561600891;89.462
-1.92867;5.52366267;0.29298801;90.388
-1.743292;5.090885203;1.037655608;91.069
-1.553621;4.699177593;1.77953278;91.708
-1.362678;5.574046364;2.412139092;92.044
-1.173482;5.505134551;3.042403652;92.323
-0.9901716;5.578162681;3.804488043;92.504
-0.8154443;5.610750773;4.58925232;92.733
-0.6531183;5.92099098;5.39697294;92.692
-0.505578;6.242105062;6.336315185;92.684
-0.3763228;6.56859256;7.168777681;92.635
-0.2670974;6.958788341;7.895365023;92.487
-0.1802903;7.313408254;8.467224761;92.323
-0.1181273;7.460161091;8.907483274;92.323
-0.08092339;7.623874966;8.981624898;92.184
-0.06915975;7.587972765;8.822918296;92.167
-0.08362664;7.416464237;8.431392711;92.208
-0.1240091;6.655692504;5.684077511;92.053
-0.1876039;6.160720156;2.672160468;91.544
-0.2747299;5.809998382;1.127995147;91.38
-0.384589;3.801755416;0.341266247;92.126
-0.5160722;3.057429727;-0.31671082;92.651
-0.6671098;3.242331297;-0.818006109;92.299
-0.8357949;3.355305525;-1.268083425;92.036
-1.019424;3.140378003;-1.666865991;92.118
-1.214502;3.299457562;-2.173627313;91.79
-1.418324;3.743059712;-2.735820864;91.159
-1.627391;4.088004665;-3.350986006;90.609
-1.838526;4.453766403;-3.999700791;90.027
-2.047752;4.922422419;-4.780732742;89.298
-2.251096;5.612186778;-5.567439665;88.346
-2.445856;6.252042141;-6.353873577;87.444
-2.628213;6.848746829;-7.170759513;86.575
-2.794514;7.528907039;-7.935278884;85.64
-2.942532;8.193325719;-8.621022843;84.747
-3.069403;8.778776459;-9.252670622;83.951
-3.172904;9.170583963;-9.775248111;83.385
-3.250966;9.634188711;-10.07943387;82.82
-3.302637;9.979693475;-10.27291958;82.41
-3.326962;10.10080011;-10.32959967;82.27
-3.324259;10.23823642;-10.11229074;82.205
-3.29278;10.25925428;-9.164237161;82.5
-3.23475;9.933911419;-7.755265744;83.295
-3.150964;9.293186415;-6.209440754;84.451
-3.043488;8.516910229;-4.773269313;85.706
-2.913436;7.647388431;-3.421834707;87.026
-2.761604;6.681394588;-2.260816237;88.379
-2.592602;5.805982853;-1.344051441;89.56
-2.407858;5.197738381;-0.537784858;90.437
-2.210078;4.635149493;0.186448479;91.241
-2.003076;4.264491905;0.772475716;91.807
-1.790195;4.03175688;1.277270639;92.208
-1.574924;3.774082182;1.833246547;92.651
-1.361088;3.686886487;2.333659461;92.905
-1.152496;3.697417751;2.857253253;93.069
-0.9524904;3.873661169;3.484983507;93.102
-0.7655222;4.024245313;4.110735938;93.16
-0.5946111;4.286734333;4.946203;93.176
-0.4426189;4.693139564;5.649418693;93.004
-0.3132033;5.018863664;6.404590991;92.93
-0.2077961;5.331648546;6.973945638;92.807
-0.1287799;5.503335481;7.414006442;92.782
-0.07790326;5.62945109;7.645353271;92.733
-0.05596234;5.743596051;7.618788153;92.61
-0.06248183;6.636855488;7.226566465;92.586
-0.09873119;6.172214158;5.682642474;92.536
-0.1618487;5.110186078;2.646558234;92.586
-0.2511987;4.424771104;1.205313311;92.791
-0.3671001;2.863655365;0.601966095;93.151
-0.5074871;2.490333775;0.025001325;93.332
-0.6702884;2.301645895;-0.370062316;93.389
-0.8532839;2.24413507;-0.713594789;93.332
-1.053766;2.275838219;-1.086485344;93.176
-1.267922;2.472644438;-1.405066686;92.873
-1.492569;2.748478036;-1.834565893;92.454
-1.723896;3.094391621;-2.344825137;91.938
-1.958402;3.456600329;-2.908199014;91.388
-2.191476;3.827836988;-3.612489036;90.782
-2.419146;4.348960185;-4.263119446;90.044
-2.63823;4.859302098;-4.970093707;89.298
-2.844119;5.570413616;-5.815759153;88.305
-3.033631;6.210326686;-6.527019942;87.428
-3.203112;6.718849115;-7.239452656;86.682
-3.349697;7.278281593;-7.898155221;85.903
-3.470846;7.876297703;-8.342106891;85.157
-3.56417;7.195586826;-8.836239522;84.673
-3.62872;7.599878722;-8.976363833;84.222
-3.662584;7.825204757;-9.06238573;83.968
-3.66624;7.788941812;-8.925174565;84.05
-3.638576;7.068603324;-8.407190029;84.943
-3.580546;5.968286593;-7.157140221;86.46
-3.494057;5.999046176;-5.660861471;86.928
-3.379905;5.689629896;-4.303110312;87.69
-3.239997;6.374199755;-3.107400734;89.404
-3.076558;5.242257665;-2.051227005;90.888
-2.892132;4.848696844;-1.239909469;91.552
-2.688788;4.327246622;-0.539260135;92.307
-2.47193;3.48249666;0.025489981;93.34
-2.243147;3.16661128;0.505833841;93.816
-2.006892;3.11167173;0.905015191;94.004
-1.766982;2.941912132;1.355736395;94.324
-1.527705;2.793900412;1.697701237;94.586
-1.2932;2.826109247;2.09132774;94.685
-1.067914;3.042855165;2.642565494;94.652
-0.8553495;3.110908651;3.191725952;94.767
-0.6596358;3.319358423;3.81707527;94.767
-0.4847501;3.653732894;4.574198682;94.685
-0.3335539;3.977514764;5.224544292;94.578
-0.2085903;4.284457762;5.899373287;94.496
-0.1125624;4.546593628;6.391780883;94.398
-0.0469;4.723056117;6.675168352;94.316
-0.01351429;4.829606416;6.697819249;94.217
-0.01081104;4.831720735;6.410162204;94.119
-0.04213117;4.513631056;5.626893167;94.176
-0.1038188;3.559152141;2.592456422;94.119
-0.195076;3.770623982;1.309871947;94.48
-0.3152708;3.252473496;0.787420489;94.824
-0.4637657;3.069259076;0.288777229;94.841
-0.6378553;2.86538346;-0.05284962;94.931
-0.8348404;2.87609493;-0.31771521;94.832
-1.05138;1.966356556;-0.661930332;94.627
-1.28382;2.082202276;-0.929393172;94.422
-1.529296;2.219979946;-1.302060161;94.16
-1.78272;2.415556981;-1.651329058;93.848
-2.04028;2.801947005;-2.163158986;93.291
-2.297521;3.162578737;-2.73126379;92.741
-2.550469;3.552362193;-3.35591342;92.143
-2.794037;4.12225094;-3.983247179;91.364
-3.024569;4.599236456;-4.718290631;90.642
-3.237135;5.313015739;-5.429952784;89.691
-3.429031;5.821816559;-6.117550322;88.953
-3.595968;5.374004358;-6.722986925;88.199
-3.735718;5.984793999;-7.302618003;87.395
-3.845419;6.330364775;-7.717905674;86.911
-3.923641;6.688086546;-7.970740362;86.469
-3.968474;6.928920956;-8.109237132;86.182
-3.979922;7.039025982;-8.000922054;86.108
-3.956869;7.026420814;-7.645737558;86.239
-3.899951;6.851408011;-6.472775968;86.805
-3.811395;6.305022025;-5.135933925;87.797
-3.691837;5.600107129;-3.854678612;88.929
-3.543184;4.619492661;-2.764522018;90.273
-3.368299;3.762699521;-1.839901436;91.438
-3.16877;3.095704312;-1.134887065;92.34
-2.94905;2.564791042;-0.540626875;93.069
-2.712;2.028557685;-0.082326946;93.758
-2.461754;1.736173443;0.294520329;94.176
-2.201971;2.6627397;0.641219099;94.365
-1.937893;2.465703073;0.986109218;94.677
-1.672861;2.357696497;1.301089491;94.89
-1.41244;2.243257942;1.695773827;95.136
-1.160922;2.267810956;2.063432869;95.234
-0.9224417;2.582218951;2.613656854;95.103
-0.7017689;2.806288551;3.186865653;95.07
-0.5031936;2.980454816;3.733364448;95.078
-0.3292624;3.25593017;4.43679051;95.037
-0.1837877;3.618074646;5.031223938;94.873
-0.06979547;3.796598902;5.470796706;94.841
0.01112987;4.11643681;5.91131043;94.668
0.05802988;5.249709208;6.041127623;94.578
0.06979547;5.522295829;5.802887486;94.226
0.0453117;6.227507817;5.359523452;93.373
-0.01367273;4.238666948;2.615000845;93.447
-0.1054072;3.000756155;1.361268466;94.267
-0.2297351;2.754649986;0.916949958;94.365
-0.3852247;2.793975362;0.443926085;94.168
-0.5690144;2.559151634;0.183454901;94.316
-0.7790365;2.267358746;-0.052923761;94.529
-1.011475;2.400284981;-0.293145056;94.316
-1.262674;2.648742988;-0.531771037;93.988
-1.528183;1.657580586;-0.850258242;93.873
-1.80323;1.819070809;-1.226787573;93.586
-2.08416;2.176855773;-1.605432682;93.102
-2.366204;2.573481809;-2.062554573;92.553
-2.643954;2.842430712;-2.632707865;92.094
-2.912801;3.165957551;-3.288127347;91.552
-3.167816;3.752541148;-3.889376557;90.765
-3.404548;4.31078491;-4.575645269;89.978
-3.619498;4.764456605;-5.206630185;89.314
-3.808534;5.321627158;-5.896118527;88.527
-3.967521;5.836782515;-6.393652456;87.846
-4.094393;6.213410829;-6.838767514;87.321
-4.1874;5.60354691;-7.144359269;86.829
-4.244477;5.803103378;-7.283689867;86.583
-4.264191;5.934895322;-7.230314034;86.469
-4.247179;5.958320588;-7.013038235;86.518
-4.192806;5.85799674;-6.108009781;86.92
-4.102978;5.324736836;-4.905789493;87.854
-3.978968;4.696554788;-3.592335635;88.92
-3.823002;3.885132614;-2.582602157;90.068
-3.636827;3.873529932;-1.681410203;91.38
-3.423945;3.179448238;-1.057655287;92.282
-3.187531;2.760817608;-0.567547177;92.864
-2.931403;2.330481406;-0.136555781;93.438
-2.659375;1.99345229;0.13335687;93.865
-2.377015;1.84591141;0.452734231;94.119
-2.087657;1.745835509;0.719506527;94.308
-1.797506;1.746069508;1.038208524;94.414
-1.510694;1.636004756;1.299014269;94.611
-1.232466;1.661975006;1.745925017;94.734
-0.9677534;1.792171817;2.11251545;94.726
-0.7213235;1.967465202;2.686395606;94.742
-0.4979475;2.165730662;3.233191986;94.726
-0.3012793;2.446512062;3.778536186;94.627
-0.1346617;2.710533191;4.375599572;94.562
-0.001112988;2.981715009;4.892145026;94.463
0.09698249;4.175529334;5.254588003;94.39
0.1572383;4.326660097;5.48598029;94.316
0.1791793;4.398311833;5.379935498;94.209
0.1626448;4.227275373;5.013826118;94.258
0.1077935;3.520268548;2.796805643;94.226
0.01637598;2.902494461;1.384483384;94.373
-0.1108137;2.451287336;0.915862008;94.668
-0.2723435;2.174151664;0.576454991;94.832
-0.4658312;2.111847479;0.341542437;94.816
-0.6877774;2.123598573;0.130795719;94.734
-0.9353203;2.061032373;-0.08090288;94.726
-1.203691;2.153707533;-0.318877402;94.554
-1.489072;1.368581519;-0.586255444;94.25
-1.786537;1.549859382;-0.852421854;93.98
-2.090519;1.72838183;-1.204854511;93.684
-2.396888;1.994216394;-1.610350818;93.283
-2.699441;2.346804648;-2.151586057;92.75
-2.993725;2.756411403;-2.69576579;92.159
-3.274179;3.03962362;-3.271129141;91.684
-3.535871;3.583915983;-3.903252051;90.929
-3.774352;4.182330309;-4.592009074;90.101
-3.985328;4.646733801;-5.115798596;89.462
-4.165619;4.992567904;-5.752296289;88.904
-4.310933;5.483169905;-6.224490286;88.256
-4.41968;5.946957144;-6.531128569;87.69
-4.489476;6.046294322;-6.674117034;87.543
-4.519206;5.397661335;-6.676015996;88.191
-4.509349;5.386753219;-6.510740343;89.257
-4.45879;5.938832738;-5.742501786;88.961
-4.368486;6.058566843;-4.61829947;89.216
-4.240978;4.935921836;-3.411234492;90.741
-4.078017;3.871303435;-2.399089694;92.143
-3.882144;3.398001236;-1.604996292;92.881
-3.656065;2.908801437;-1.00559569;93.57
-3.403753;2.16942119;-0.568736431;94.455
-3.129024;1.84228915;-0.24513255;94.89
-2.836329;1.686526875;0.025580626;95.136
-2.531073;1.506239861;0.294719583;95.406
-2.217392;1.297093249;0.480279746;95.677
-1.901325;1.262785717;0.746357151;95.8
-1.587961;1.195780491;1.061341473;95.972
-1.282866;1.253220407;1.455661222;96.046
-0.9916015;1.244572871;1.822718614;96.177
-0.7190975;1.549310895;2.343932685;96.046
-0.4701248;2.739910575;2.915731724;96.046
-0.24945;3.036571277;3.460713831;95.931
-0.06057273;3.284362456;4.057087369;95.882
0.09253053;3.612257377;4.57277213;95.726
0.2076377;3.766247728;4.986743185;95.71
0.2828377;3.967539094;5.269617283;95.603
0.3163838;4.105499079;5.215497236;95.447
0.3087533;3.910662029;4.876986087;95.529
0.2585143;3.366780622;2.999341867;95.447
0.1696396;2.764934322;1.514802965;95.554
0.04038247;2.254324039;0.966972117;95.882
-0.1263935;1.969398949;0.628196846;96.054
-0.327989;1.931890992;0.443672976;96.03
-0.5615423;1.97714709;0.183441271;95.898
-0.8235521;1.891719962;0.050159886;95.939
-1.108935;1.960903713;-0.159288861;95.8
-1.413711;2.084982964;-0.426051107;95.587
-1.732323;2.307497155;-0.694508536;95.275
-2.059835;2.470500781;-1.015497656;95.005
-2.390529;2.786942372;-1.395172885;94.562
-2.718043;2.151074456;-1.802776631;94.062
-3.038082;2.421330373;-2.321008882;93.619
-3.343815;2.811565983;-2.89630205;93.037
-3.630946;3.274702932;-3.525891204;92.364
-3.89391;3.866671583;-4.13498525;91.569
-4.12778;4.260801669;-4.797594993;90.954
-4.329058;4.773047152;-5.351858545;90.257
-4.494086;5.220603477;-5.854189569;89.642
-4.61905;4.576354413;-6.187936761;89.175
-4.703472;4.823024331;-6.383927006;88.863
-4.744649;5.025537355;-6.415387935;88.65
-4.742583;5.120249199;-6.305252402;88.592
-4.696159;5.025809941;-5.700570176;88.888
-4.607444;4.532353394;-4.573939817;89.757
-4.47771;3.915051249;-3.473846254;90.741
-4.309185;3.09213721;-2.37558837;91.93
-4.10425;2.338266084;-1.637201749;92.93
-3.866087;1.644328819;-1.088013544;93.807
-3.598512;1.150929707;-0.624210878;94.455
-3.305658;0.838982497;-0.354052508;94.857
-2.993089;0.552482584;-0.082552247;95.234
-2.66494;0.2794547;0.133364099;95.579
-2.327251;0.129956833;0.347870498;95.8
-1.985748;0.208039282;0.558117846;95.792
-1.64631;1.157812517;0.848437551;95.939
-1.314663;1.06629849;1.164895469;96.136
-0.9960534;1.265188338;1.638565014;96.095
-0.6965209;1.338002846;2.079008537;96.169
-0.4217929;1.584645418;2.572936253;96.087
-0.1763156;1.822674943;3.065024828;96.013
0.03513637;3.112001992;3.636005976;94.914
0.2098637;3.8249177;4.1757531;94.381
0.3438897;3.330603947;4.588811842;95.013
0.43483;3.24486191;4.895585729;95.201
0.4812546;3.866597279;4.843791837;94.562
0.4833202;3.877715459;4.607146377;94.472
0.4402364;2.97163505;3.43690515;94.988
0.3531105;2.379711774;1.589135323;94.964
0.2236948;2.222471392;1.042414176;94.939
0.05294222;1.840014496;0.732043488;95.218
-0.1556481;1.548168743;0.495506229;95.431
-0.4000105;1.708522838;0.313568513;95.21
-0.6752176;1.903216211;0.183648634;94.972
-0.9766573;1.76769683;-0.02790951;95.037
-1.300196;1.794738161;-0.240785517;94.939
-1.640109;1.1480823;-0.5337531;94.488
-1.9902;1.29529085;-0.854127451;94.234
-2.344582;1.374382361;-1.207852918;94.037
-2.69785;1.773615793;-1.561152621;93.52
-3.043807;2.184018977;-2.024943069;92.955
-3.375771;2.469840912;-2.571477264;92.487
-3.688658;2.842548022;-3.175355935;91.913
-3.976265;3.337362463;-3.781912611;91.216
-4.234142;3.845286102;-4.448141694;90.486
-4.457678;4.299218904;-5.003343289;89.847
-4.642898;4.838046137;-5.477861588;89.15
-4.786146;4.118803267;-5.841590198;88.748
-4.885035;4.322526582;-6.067420255;88.469
-4.938932;4.572416894;-6.151749317;88.191
-4.946086;4.55034935;-6.070951951;88.24
-4.905544;4.501736217;-5.601791348;88.445
-4.819214;4.074272272;-4.499183183;89.24
-4.688528;3.564684817;-3.396945549;90.117
-4.515231;2.753944047;-2.40916786;91.257
-4.302029;1.950932506;-1.692202481;92.299
-4.053056;1.272461842;-1.144614473;93.16
-3.771172;0.860857535;-0.708427396;93.717
-3.461148;0.428647489;-0.406057532;94.25
-3.128228;1.337843303;-0.162470092;94.422
-2.778776;1.130044205;0.051132614;94.701
-2.417239;0.989130791;0.294392374;94.923
-2.050456;0.94529351;0.504880529;95.037
-1.683989;0.869255105;0.744765315;95.193
-1.325474;0.850464794;1.033394382;95.308
-0.9796774;0.816091945;1.398275836;95.464
-0.6532767;0.981502346;1.894507039;95.464
-0.3521559;2.212030528;2.388091583;95.398
-0.08092339;2.442365835;2.932097504;95.349
0.1543767;2.59840226;3.499206781;95.382
0.350726;2.895246656;4.092739969;95.283
0.5043066;3.173557936;4.633673808;95.185
0.6124189;3.473902903;5.018708708;95.013
0.6726748;3.499898211;5.144694632;95.029
0.6855534;3.412517562;4.858552685;95.021
0.6489851;3.132208427;3.819625281;94.955
0.5659943;2.432852595;1.871557786;95.005
0.4370559;1.936584853;1.14475456;95.259
0.2639189;1.660227852;0.807683556;95.423
0.04865066;1.592320149;0.651960448;95.439
-0.2050929;1.555092443;0.393277328;95.39
-0.4926994;1.641696005;0.236088016;95.251
-0.8101982;1.663364109;0.103092326;95.185
-1.151543;1.740268501;-0.134194498;95.029
-1.511807;1.863845593;-0.42646322;94.808
-1.884155;1.94753821;-0.667385369;94.644
-2.262862;2.266306717;-0.992079849;94.217
-2.641411;1.548802866;-1.398591402;93.799
-3.013121;1.896838755;-1.779483735;93.324
-3.371637;2.207349455;-2.299951634;92.84
-3.710439;2.676942319;-2.958173044;92.151
-4.023802;3.057247482;-3.539257554;91.577
-4.306322;3.549551493;-4.17734552;90.872
-4.552911;4.036875946;-4.707372161;90.208
-4.759117;4.380044355;-5.153866935;89.716
-4.921761;3.788447563;-5.602657311;89.158
-5.037662;4.073838839;-5.829483483;88.797
-5.104596;4.256089242;-5.969732274;88.568
-5.122243;4.358557718;-5.860326845;88.502
-5.089015;4.287866004;-5.556401989;88.674
-5.005865;3.981601715;-4.507194854;89.33
-4.875337;3.373664283;-3.40300715;90.306
-4.698861;2.594206116;-2.468381652;91.397
-4.479777;1.893634371;-1.669096886;92.364
-4.220151;1.172247172;-1.175258485;93.25
-3.92523;0.734123444;-0.818629669;93.807
-3.599466;1.360922092;-0.435233725;94.308
-3.247627;1.220707209;-0.216878374;94.521
-2.876869;1.023;0;94.791
-2.491486;0.798320605;0.186961815;95.078
-2.100378;0.861037789;0.426113367;95.095
-1.707998;0.916139559;0.663418677;95.119
-1.321977;0.740980771;0.926942314;95.382
-0.9485157;0.624606724;1.291820173;95.62
-0.59493;0.790577852;1.762733556;95.611
-0.2666202;1.134935947;2.255807842;95.431
0.03020715;1.283281817;2.823845452;95.472
0.2901514;1.397640771;3.364922313;95.538
0.5089189;2.733834378;3.929503133;95.39
0.6834858;3.111241355;4.545724065;95.218
0.8090852;3.289453973;4.981361919;95.185
0.8850813;3.520230987;5.133692961;95.005
0.9094067;3.377558317;4.951674952;95.087
0.8819008;3.210244396;4.251733188;95.021
0.804156;2.336225042;1.998675125;95.144
0.6772852;2.002050071;1.194150212;95.21
0.5025579;1.704083745;0.987251235;95.439
0.282202;1.476812348;0.650437045;95.554
0.01987338;1.522879287;0.494637861;95.456
-0.2794988;1.594397377;0.313192132;95.324
-0.6116228;1.630296419;0.102889256;95.218
-0.9701378;1.644697431;-0.027907708;95.16
-1.350435;1.71955341;-0.31933977;94.988
-1.745041;1.965652273;-0.613043181;94.644
-2.147119;1.270322518;-0.830032446;94.267
-2.550629;1.537068613;-1.235794161;93.865
-2.948096;1.819254604;-1.670236189;93.438
-3.332845;2.096381309;-2.164856073;92.996
-3.698833;2.438259553;-2.714221341;92.471
-4.038111;2.956972769;-3.324081694;91.749
-4.345751;3.353352166;-3.904943502;91.159
-4.616029;3.781853821;-4.464438538;90.544
-4.844334;3.275386231;-5.050841306;89.855
-5.026851;3.669730794;-5.442807618;89.33
-5.160401;3.966975986;-5.781072043;88.92
-5.24212;4.17390782;-5.92227654;88.666
-5.271055;4.241521148;-5.842436557;88.625
-5.246413;3.427519205;-5.701442386;89.486
-5.168668;2.423043924;-4.679868228;90.831
-5.03957;2.437340657;-3.62897803;91.167
-4.861028;3.162525632;-2.608423103;91.782
-4.635902;1.881810756;-1.752567732;93.348
-4.367532;1.023039359;-1.202881923;94.39
-4.060211;1.005356261;-0.790931218;94.545
-3.719183;1.644442949;-0.544671154;94.988
-3.349857;0.997544721;-0.271365837;95.726
-2.958112;0.954977302;-0.054068095;95.841
-2.550787;1.058908473;0.15872542;95.808
-2.134082;0.949737934;0.347213803;95.98
-1.716105;0.798918341;0.584755022;96.21
-1.303216;0.75485792;0.845573759;96.341
-0.9024099;0.696747432;1.238242296;96.53
-0.520841;0.868953434;1.655860302;96.497
-0.1658234;1.057417908;2.173253725;96.481
0.1573968;1.265362873;2.845088618;96.497
0.4429377;1.420177025;3.384531074;96.522
0.6855534;2.749043398;4.002130194;96.399
0.8806294;3.109934613;4.640803838;96.251
1.025625;3.362923153;5.15376946;96.169
1.117361;3.480274098;5.457822295;96.153
1.154246;3.635096889;5.379290668;95.972
1.137076;3.487460579;4.888381738;95.956
1.065532;2.650784901;2.354354704;95.948
0.9413625;2.062351069;1.399053208;96.218
0.7664768;1.638353025;1.012059074;96.513
0.5418274;1.536230911;0.780692733;96.538
0.2726624;1.532376343;0.598129028;96.481
-0.03767923;1.595168249;0.417504746;96.358
-0.383476;1.624038816;0.183116448;96.251
-0.7591631;1.792709284;0.050127853;96.038
-1.157583;1.835851156;-0.240446533;95.898
-1.573811;2.02597839;-0.48006483;95.628
-1.999739;1.222179207;-0.803462379;95.324
-2.427891;1.573913558;-1.101259327;94.873
-2.851431;1.837837577;-1.563487269;94.455
-3.262732;2.094098308;-2.000705076;94.053
-3.65527;2.556928631;-2.604214108;93.389
-4.021577;2.951566105;-3.214301686;92.791
-4.354655;3.495160584;-3.824518248;92.044
-4.649575;3.920376634;-4.465870097;91.405
-4.901411;3.356469676;-5.053590972;90.773
-5.104437;3.854707298;-5.475878106;90.134
-5.256269;4.103491727;-5.812524818;89.773
-5.353729;4.292372489;-5.983882534;89.527
-5.395383;4.414583867;-5.986248398;89.404
-5.380757;4.447646947;-5.764059158;89.445
-5.309371;4.315220898;-4.907337307;89.863
-5.183136;3.726863419;-3.744409744;90.839
-5.003798;2.960580714;-2.722257858;91.946
-4.774221;2.137705137;-1.893884589;93.045
-4.498061;1.445288993;-1.340133021;93.922
-4.180087;0.937177705;-0.872466885;94.586
-3.825068;0.586257601;-0.545227198;95.046
-3.438571;0.290360277;-0.325919169;95.415
-3.027113;0.298473494;-0.082579519;95.488
-2.597689;-0.017026573;0.104920282;95.866
-2.156976;0.849351951;0.319055854;96.071
-1.713721;0.838543059;0.556629176;96.161
-1.273645;0.772105777;0.87331733;96.333
-0.845493;0.596500349;1.159501047;96.604
-0.4368955;1.768911358;1.601734074;96.579
-0.05357793;2.105092275;2.118276824;96.415
0.2965104;2.187601972;2.686805915;96.522
0.6073313;2.304314122;3.378942367;96.636
0.8741118;2.722510583;3.99453175;96.423
1.091764;3.133065607;4.710196822;96.251
1.256475;3.459957883;5.32187365;96.128
1.365223;4.538042446;5.703127338;95.177
1.416417;4.355973271;5.672919814;94.349
1.410374;3.512852221;5.234556662;95.046
1.345985;2.17035498;2.683064941;95.538
1.226268;2.161589976;1.498769928;95.152
1.051699;2.131024695;1.113074086;95.054
0.824667;2.503937469;0.827812408;94.586
0.5489826;2.664986504;0.623959511;94.357
0.2295786;2.310260794;0.468782383;94.66
-0.1292552;1.182713808;0.260141424;94.718
-0.5202053;1.604669657;0.050008971;94.226
-0.9385008;1.714693549;-0.186919354;94.037
-1.375077;1.668037066;-0.425888801;94.004
-1.823422;1.784670819;-0.666987542;93.807
-2.276216;2.281360619;-1.045918144;93.184
-2.725992;2.596436675;-1.453689976;92.733
-3.163841;2.784290992;-1.973127024;92.372
-3.582613;2.116125844;-2.576622469;91.839
-3.97563;2.619239944;-3.158280168;91.142
-4.335576;3.153657248;-3.769028256;90.404
-4.655457;3.478292964;-4.466121109;89.847
-4.930505;2.913002478;-5.054992565;89.216
-5.155789;3.473969968;-5.586090097;88.478
-5.327019;3.845048697;-5.90085391;88.002
-5.441648;4.080336343;-6.154990972;87.682
-5.497294;4.234506095;-6.184481716;87.518
-5.493478;4.165260393;-6.047218822;87.633
-5.429566;4.087881302;-5.271356093;87.969
-5.306827;3.526495948;-4.051512155;88.937
-5.127967;2.812181627;-2.972455118;90.011
-4.895687;1.951190755;-2.087427734;91.167
-4.613008;1.179847875;-1.425456374;92.159
-4.2847;1.532023457;-0.956929628;92.963
-3.916963;1.124099619;-0.680701143;93.463
-3.514408;0.922280627;-0.326158119;93.783
-3.08403;0.649413911;-0.136758266;94.119
-2.632507;0.565985296;0.104955888;94.283
-2.168741;0.373480041;0.265440123;94.529
-1.699888;0.347085176;0.531255528;94.644
-1.233898;0.205665055;0.844995165;94.89
-0.7782404;1.072242597;1.158727791;95.128
-0.3416618;1.351649377;1.627948132;95.005
0.06884092;1.630720772;2.168162317;94.906
0.446754;1.581678659;2.735035976;95.144
0.7839657;2.687312508;3.372937523;95.251
1.075547;3.171526007;4.087578021;95.005
1.316095;3.616509985;4.879529954;94.824
1.501475;3.876207047;5.436621142;94.75
1.628823;4.068620556;5.842861669;94.693
1.695279;4.241022855;5.991068566;94.57
1.70132;4.219000352;5.556001055;94.447
1.645993;3.347367146;3.088101439;94.496
1.531522;2.612920432;1.673761296;94.759
1.359339;2.254316642;1.185949926;94.955
1.130875;2.153005612;0.981016835;94.988
0.8502638;2.174289065;0.750867194;94.89
0.5221144;2.039051031;0.492153093;94.939
0.1516734;2.08642683;0.36428049;94.849
-0.2543793;2.288960318;0.182880954;94.586
-0.6900033;2.397097916;-0.080706251;94.39
-1.146455;1.532473213;-0.265580362;94.193
-1.61817;1.656694849;-0.558915452;93.971
-2.095132;1.850255306;-0.962234082;93.643
-2.570502;2.108079363;-1.343761912;93.258
-3.034744;1.190678556;-1.833964332;94.012
-3.481179;1.155423014;-2.356730957;93.873
-3.901064;2.575557512;-2.992327464;92.241
-4.287403;3.186237317;-3.767288049;91.372
-4.63304;3.070251469;-4.436245593;91.265
-4.933049;3.485560392;-5.107318823;90.626
-5.18091;3.356834847;-5.61649546;90.585
-5.372808;2.969566121;-6.040301637;90.831
-5.50588;4.776681194;-6.324956419;89.929
-5.576311;5.502284899;-6.437145303;89.166
-5.584737;5.170587647;-6.27423706;89.552
-5.529251;4.824162023;-5.690513931;90.093
-5.412395;4.596141426;-4.358575723;90.765
-5.235443;4.014758468;-3.222724596;91.725
-5.001255;2.85335015;-2.25494955;93.209
-4.713489;1.97937905;-1.507862851;94.332
-4.376913;1.529470389;-1.012588833;94.947
-3.996616;1.156548766;-0.655353702;95.439
-3.579275;0.723081432;-0.380755703;95.964
-3.130295;0.492842217;-0.162473349;96.267
-2.659058;0.507482166;0.079446499;96.333
-2.172558;0.324896351;0.293689052;96.587
-1.678743;0.18968051;0.503041531;96.792
-1.186202;0.056039789;0.741119367;97.005
-0.7035177;0.955328221;1.104984664;97.227
-0.2391163;1.150766954;1.493300862;97.161
0.1995299;1.388561004;2.035683012;97.104
0.6049469;1.370635096;2.521905289;97.284
0.968708;2.518548651;3.262645954;97.383
1.286205;2.98762453;4.07887359;97.186
1.55092;3.497872589;4.919617768;96.956
1.758078;3.775419727;5.653259182;96.923
1.904824;4.132450935;6.184352805;96.743
1.987496;4.388213735;6.360641206;96.546
2.007211;4.324714131;5.999142392;96.489
1.961264;3.474100654;3.693301961;96.571
1.853948;2.647132191;1.950396573;96.817
1.684627;2.261432727;1.285298182;96.981
1.456322;2.046428498;1.081285494;97.128
1.171577;1.943972255;0.824916764;97.145
0.8364307;2.041743595;0.674230786;96.997
0.4551806;2.087161413;0.492484239;96.891
0.03481949;2.124571716;0.259715149;96.776
-0.4165449;2.285229921;0.102689762;96.563
-0.8931891;1.426721518;-0.186835445;96.325
-1.385889;1.609615312;-0.451154063;96.054
-1.886539;1.729580223;-0.853259331;95.8
-2.38719;2.201235505;-1.259293484;95.193
-2.878459;2.619144507;-1.751566478;94.611
-3.351605;2.905589558;-2.245231325;94.16
-3.799154;3.348098834;-2.960703497;93.479
-4.212838;3.920260382;-3.629218854;92.684
-4.584868;3.410546913;-4.324359262;91.962
-4.909997;3.832997136;-5.025008592;91.306
-5.181387;4.430826356;-5.616520931;90.511
-5.395065;4.925952771;-6.123141687;89.847
-5.54674;4.224637494;-6.409087518;89.453
-5.633863;4.464133526;-6.551599422;89.166
-5.655805;4.492429919;-6.415710244;89.183
-5.610334;4.368757399;-6.024727804;89.437
-5.500315;3.918124638;-4.694626085;90.331
-5.326383;3.10651908;-3.39144276;91.577
-5.091877;2.232513314;-2.422460057;92.774
-4.800294;2.327272713;-1.619181862;93.947
-4.455929;1.664645369;-1.123063894;94.775
-4.065139;1.162559832;-0.736320504;95.406
-3.632853;0.778875337;-0.435373988;95.89
-3.168453;0.630317063;-0.191048811;96.12
-2.677183;0.571513679;0.025541038;96.251
-2.167947;0.397479353;0.26543806;96.505
-1.650604;0.402205543;0.47761663;96.571
-1.132941;1.572909756;0.740729267;95.488
-0.6225923;2.021688928;1.079066785;95.152
-0.1297325;1.140168854;1.386506563;96.136
0.3370533;1.231180299;1.980540896;96.243
0.7704514;1.870604952;2.569814855;95.8
1.162196;2.673423791;3.256271374;95.226
1.50545;3.47092038;4.14876114;94.726
1.794805;3.315000847;4.959002542;95.152
2.0247;3.575482225;5.716446674;95.144
2.191637;4.1945557;6.244667101;94.701
2.292594;4.425025465;6.519076396;94.562
2.32614;4.848888163;6.33866449;94.078
2.292117;3.733390656;4.345171967;93.529
2.192431;2.131362573;2.122087719;94.39
2.02772;1.468510308;1.459530925;94.832
1.80037;1.587359817;1.129079451;94.603
1.51308;1.593501503;0.925504509;94.529
1.171735;1.428582767;0.7757483;94.644
0.781104;1.350992075;0.542976225;94.644
0.3477059;1.552744417;0.311233251;94.365
-0.1200344;1.607654388;0.154963165;94.258
-0.6149618;1.748505789;-0.133482633;94.021
-1.128966;1.988381713;-0.42485486;93.684
-1.652669;2.109090509;-0.800728473;93.438
-2.178439;1.490035958;-1.205892127;92.922
-2.695625;1.962111874;-1.586664378;92.323
-3.196275;2.237335037;-2.161994888;91.856
-3.67101;2.485207785;-2.822376644;91.388
-4.112358;3.188243153;-3.542270542;90.445
-4.511893;3.592218492;-4.295344525;89.79
-4.8623;4.188114459;-4.967656622;88.97
-5.158652;4.678231027;-5.615306918;88.264
-5.394747;4.237958929;-6.123123212;87.535
-5.566613;4.591002923;-6.49199123;87.059
-5.671862;4.787352938;-6.664941185;86.805
-5.707634;4.920869568;-6.585391296;86.698
-5.674088;4.930319901;-6.335040296;86.772
-5.5717;4.538665959;-4.975002124;87.617
-5.402379;3.688162467;-3.6415126;88.912
-5.168827;2.869792545;-2.505622366;90.109
-4.874224;1.981838064;-1.701485807;91.265
-4.524293;1.098103933;-1.1786882;92.323
-4.123328;0.679422592;-0.736732225;92.889
-3.679118;1.377213788;-0.461358635;93.283
-3.197229;1.0982993;-0.191102099;93.652
-2.687517;0.933029071;0.051087212;93.898
-2.156976;0.766999303;0.239997909;94.127
-1.615784;0.674151008;0.477453024;94.299
-1.072049;0.392141663;0.76542499;94.677
-0.5346721;0.21771066;1.10313198;94.964
-0.01462728;0.485144599;1.437433797;94.808
0.4804585;0.682650921;2.029952762;94.808
0.9418398;1.468465225;2.617395674;95.218
1.361248;1.795591955;3.328775865;95.128
1.731687;2.419093691;4.215281074;94.8
2.046164;2.895355706;5.152067118;94.636
2.299747;4.138743319;5.954229957;94.66
2.488306;4.420758163;6.53027449;94.57
2.607706;4.857505576;6.904516728;94.258
2.656674;4.855308781;6.849926343;94.242
2.635052;4.373364933;5.452094798;94.258
2.544111;3.266353052;2.575059155;94.406
2.385441;2.61590116;1.58370348;94.726
2.160475;2.35023245;1.22769735;94.873
1.872231;2.200770848;1.052312545;94.964
1.525481;2.265059836;0.849179507;94.832
1.126901;2.319975754;0.644927261;94.709
0.6814183;1.29216787;0.41450361;94.66
0.1980981;1.437430314;0.259290942;94.463
-0.3147936;1.603440011;-0.052679966;94.193
-0.848832;1.901733702;-0.264798893;93.824
-1.395747;1.00526307;-0.692210791;94.578
-1.946001;0.347486256;-1.042541231;95.119
-2.489577;1.757671141;-1.557986576;93.537
-3.017096;2.731619115;-2.104142655;92.381
-3.519973;2.128820051;-2.709539846;92.782
-3.988507;1.05047319;-3.457580431;93.611
-4.415388;1.717817947;-4.236546159;92.684
-4.792822;3.338555409;-4.909333772;90.839
-5.113976;4.571026237;-5.61292129;90.372
-5.373761;4.496474701;-6.232575896;90.24
-5.567249;5.240305623;-6.632083131;89.363
-5.691099;5.98468233;-6.858953011;88.543
-5.742611;4.812103698;-6.809688907;88.732
-5.721943;4.623806301;-6.612581098;88.986
-5.628935;4.532310358;-5.363068927;89.494
-5.465178;3.894926501;-4.002220496;90.585
-5.234171;2.783443317;-2.809670048;92.094
-4.938137;1.817016167;-1.922951499;93.356
-4.583118;1.036232693;-1.28630192;94.349
-4.174046;0.611067852;-0.791796444;94.939
-3.717593;1.080001078;-0.515996766;95.562
-3.221077;0.900725799;-0.216822604;95.841
-2.693082;0.760029994;0.051089981;96.071
-2.141396;0.560987102;0.239961307;96.333
-1.577469;0.418513497;0.502540492;96.563
-1.008294;0.245286782;0.792860345;96.833
-0.4457994;0.094639839;1.129919516;97.096
0.102389;0.386787917;1.463363752;96.915
0.6262501;1.335264621;1.974793864;97.137
1.11609;1.286129636;2.637388907;97.407
1.563638;1.71131526;3.321945781;97.21
1.961106;3.317845456;4.232536368;96.907
2.302134;3.68486726;5.111601781;96.833
2.5802;3.822074293;6.015222879;96.997
2.790381;4.374140091;6.738420274;96.686
2.930132;4.711844983;7.136534949;96.481
2.995951;4.601311074;6.927933222;96.522
2.988321;4.472651613;6.343954838;96.456
2.907237;3.275217664;3.072652992;96.563
2.755882;2.532068835;1.728206506;96.858
2.534413;2.135790421;1.325371264;97.12
2.245692;2.019547601;1.099642803;97.161
1.895443;2.058169268;0.897507804;97.055
1.489074;2.18050827;0.72152481;96.874
1.033574;2.216883946;0.437651838;96.743
0.5364228;2.240547951;0.310643852;96.677
0.006200651;2.33479463;0.077383891;96.505
-0.548028;1.607597436;-0.211207691;96.136
-1.11752;1.926296947;-0.58410916;95.693
-1.691463;2.079523483;-0.958429551;95.415
-2.261113;2.458629531;-1.447111408;94.873
-2.816136;2.081980173;-1.93805948;94.086
-3.346518;2.434993203;-2.625020391;93.504
-3.843352;2.853224608;-3.263326175;92.873
-4.298372;3.510562978;-4.096311066;91.938
-4.702836;4.012642256;-4.879073233;91.175
-5.050064;4.540842077;-5.580473769;90.413
-5.334014;5.077553944;-6.259338168;89.65
-5.550077;5.616913348;-6.657259956;88.978
-5.693484;4.884129453;-6.914611642;88.625
-5.762484;4.895367523;-7.00389743;88.584
-5.75533;4.993573885;-6.781278346;88.56
-5.672975;4.861081153;-5.753756541;89.035
-5.51685;4.01014054;-4.199578381;90.404
-5.288862;3.064665211;-2.977004366;91.757
-4.993623;2.197919695;-2.034240916;92.938
-4.634471;1.286390149;-1.396829553;94.062
-4.218085;0.557828611;-0.927514166;94.947
-3.75098;0.176387289;-0.544838132;95.456
-3.239837;-0.051358986;-0.271076957;95.775
-2.694989;-0.134461483;-0.02838445;95.939
-2.123907;0.576564903;0.21169471;96.308
-1.537087;0.484446902;0.502340707;96.497
-0.9439054;0.185148483;0.711445448;96.866
-0.3537462;0.011727902;1.076183706;97.161
0.221152;1.34401504;1.434045121;96.948
0.7734715;1.490289408;1.971868223;96.981
1.291453;2.735292154;2.580876462;95.939
1.768095;3.554015314;3.315045942;95.365
2.193385;2.199612798;4.246838393;96.03
2.561282;3.059460128;5.200380383;95.488
2.864628;4.988271193;5.97081358;93.816
3.098182;4.926027995;6.717083986;94.127
3.258599;4.11475114;7.187253419;95.095
3.342861;4.647408442;7.309225327;94.603
3.350175;5.19194618;6.827838541;93.898
3.279904;3.848025743;4.098077228;94.332
3.136338;2.492624753;1.99987426;94.988
2.91948;2.431082011;1.446246032;94.865
2.63219;2.322288937;1.19486681;94.89
2.279715;1.977311293;1.02093388;95.177
1.867462;2.01703608;0.819108241;95.07
1.401631;2.294203321;0.618609962;94.726
0.8917592;2.397309063;0.336927189;94.529
0.3448442;2.312595956;0.181787869;94.562
-0.2284637;1.462910605;-0.105268185;94.316
-0.8192605;1.994519169;-0.529442494;93.643
-1.417686;2.182889042;-0.849332873;93.348
-2.012616;2.315515625;-1.336453125;93.053
-2.594667;1.954837578;-1.854487267;92.241
-3.153189;2.448189973;-2.537430082;91.52
-3.678323;2.744653521;-3.175039436;91.011
-4.161326;3.346419475;-3.952741575;90.15
-4.593771;3.991644962;-4.819065114;89.216
-4.967708;4.492629731;-5.605110808;88.453
-5.276938;4.998383642;-6.226849075;87.74
-5.516054;5.633907477;-6.68427757;86.952
-5.680924;4.979405178;-7.024784465;86.493
-5.768209;5.170212418;-7.115362745;86.272
-5.776634;5.101800351;-6.975598947;86.387
-5.706203;5.120430883;-6.085707352;86.665
-5.558027;4.383701516;-4.530895452;87.92
-5.335445;3.36917626;-3.170471219;89.388
-5.041001;2.372452505;-2.200642486;90.708
-4.679624;1.554221301;-1.481336097;91.766
-4.256719;0.759859067;-1.011422798;92.717
-3.779757;0.290170776;-0.599487672;93.324
-3.25669;0.055626264;-0.271121208;93.668
-2.69483;-0.084;0;93.898
-2.105305;0.692958839;0.239876518;94.201
-1.495908;0.483612592;0.448837777;94.48
-0.879356;0.195290644;0.738871931;94.865
-0.2639189;0.117855945;1.022567834;95.037
0.3391189;1.368004777;1.38001433;94.906
0.9192631;1.275764644;1.892293931;95.169
1.466814;1.175763799;2.576291397;95.497
1.971917;2.724009988;3.384029964;95.218
2.425984;3.321315728;4.314947184;94.931
2.820749;3.423913012;5.261739035;95.144
3.150488;3.797102629;6.234307888;95.095
3.408682;4.422200361;7.026601083;94.734
3.590245;4.650665481;7.540996444;94.677
3.693587;4.774276201;7.761828604;94.627
3.717118;4.703812115;7.355436344;94.562
3.659883;4.105051721;5.091155162;94.406
3.524744;2.81316554;2.34649662;94.783
3.314086;2.200896098;1.592688294;95.144
3.029658;1.944571433;1.2677143;95.292
2.675593;1.969005438;1.119016314;95.218
2.257935;1.911063851;0.894191553;95.201
1.784152;2.007787855;0.719363566;95.046
1.261881;2.169927989;0.515783966;94.816
0.6997014;2.380144303;0.28543291;94.529
0.1081124;1.242796772;-0.027609684;94.562
-0.5038293;1.596516386;-0.394450841;94.086
-1.125786;2.118088919;-0.821733244;93.422
-1.746313;2.343862957;-1.251411129;93.053
-2.354596;1.664117533;-1.742647401;92.569
-2.941259;2.312482971;-2.452551087;91.684
-3.494852;2.829107853;-3.143676442;90.937
-4.00679;2.526792143;-3.975623572;90.962
-4.467376;3.0768728;-4.758381601;91.151
-4.868977;4.27169169;-5.62592493;89.667
-5.203804;4.7089944;-6.333016801;88.994
-5.467087;4.143066519;-6.899800442;89.371
-5.653579;4.816528169;-7.189415492;88.601
-5.760736;5.630071483;-7.307785551;87.748
-5.785856;5.560527816;-7.198416553;87.854
-5.727984;5.128461626;-6.475615122;88.527
-5.590142;3.949104461;-4.946686616;90.216
-5.373285;2.2241254;-3.503623801;92.422
-5.081861;1.422271443;-2.393185671;93.594
-4.71937;0.983689476;-1.617931572;94.291
-4.291378;0.97049133;-1.06652601;95.488
-3.806308;0.115341232;-0.679976304;96.472
-3.270681;0.160099503;-0.29970149;96.554
-2.694511;0.274538561;-0.028384317;96.53
-2.086228;0.8799439;0.2398317;97.014
-1.456161;0.558660786;0.529982357;97.432
-0.8156027;0.374134994;0.738404982;97.686
-0.17425;0.30332226;0.993966779;97.842
0.4556579;1.498637683;1.40591305;97.784
1.063465;1.307050132;1.914150396;98.145
1.639476;1.328041292;2.520123877;98.326
2.174306;1.892569702;3.352709106;98.039
2.657468;2.30793515;4.277805451;97.932
3.080374;2.458261612;5.196784836;98.088
3.436823;2.944249565;6.063748696;97.891
3.719661;3.411935735;6.926807206;97.711
3.924912;4.77339265;7.666177951;97.596
4.048288;5.001843244;7.982529732;97.473
4.088987;5.03207597;7.629227909;97.325
4.04622;5.088290118;6.075870355;96.751
3.921892;3.475002912;2.613008737;96.21
3.71839;2.149529681;1.636589044;97.21
3.437618;1.607599127;1.36379738;97.661
3.083394;1.8764425;1.114327501;97.309
2.662078;2.11387027;0.941610811;97.014
2.180826;1.868053348;0.792160044;97.21
1.647265;1.840412051;0.538236152;97.153
1.071572;1.304673869;0.257021608;96.595
0.4621754;1.472506745;0.049520235;96.358
-0.1705922;1.449792578;-0.315622266;96.259
-0.814967;1.930937566;-0.741187302;95.636
-1.460455;2.428207808;-1.169376576;94.996
-2.095926;2.607585536;-1.738243391;94.627
-2.710093;3.233814052;-2.367557844;93.791
-3.292621;3.820074433;-3.1917767;92.93
-3.833335;3.374568371;-3.940294886;92.126
-4.32238;3.979162916;-4.832511251;91.224
-4.752122;4.622794237;-5.703617289;90.29
-5.113658;5.20768778;-6.408936659;89.47
-5.402538;5.810123081;-7.061630757;88.65
-5.611446;5.323292261;-7.490123217;87.994
-5.738478;5.542020015;-7.694939954;87.707
-5.781086;5.618248648;-7.613254056;87.658
-5.738318;5.663624355;-7.084126936;87.789
-5.611128;5.134637796;-5.473086611;88.855
-5.402061;3.982365041;-3.862904877;90.544
-5.113976;2.995712552;-2.640862343;91.938
-4.751645;1.915500974;-1.699497078;93.332
-4.321108;1.015217711;-1.202346866;94.398
-3.828567;0.517901763;-0.65429471;95.078
-3.281651;0.149882315;-0.405353054;95.529
-2.69165;-0.101976055;-0.053928164;95.898
-2.065877;0.633061811;0.186185432;96.243
-1.416098;0.541838259;0.476514777;96.431
-0.7524852;-0.019019103;0.73794269;97.079
-0.08648832;1.042551606;1.045654818;97.12
0.5701274;1.37509878;1.404296341;96.907
1.206872;2.462125288;1.911375864;95.989
1.812135;3.007237653;2.43971296;95.62
2.37622;1.577902235;3.167706704;96.292
2.889112;2.640492076;4.141476227;95.554
3.340318;3.839695817;5.132087451;94.685
3.724113;3.734218933;6.069656798;95.103
4.033183;4.530611702;7.105835107;94.652
4.262124;5.438637576;7.813912728;93.98
4.406644;5.527964986;8.327894959;94.062
4.465787;5.296603184;8.248809552;94.267
4.437645;5.054540405;7.276621214;94.185
4.325243;3.761259322;3.027777965;94.062
4.130166;2.730541631;1.780624893;94.677
3.854481;2.155608687;1.38182606;95.119
3.502008;2.146730893;1.18419268;95.062
3.078148;2.270496587;1.063489762;94.898
2.590695;2.188049101;0.891147304;94.923
2.047277;2.424999342;0.665998026;94.611
1.457435;1.578337721;0.463013164;94.39
0.8308657;1.894163795;0.153491386;93.971
0.1790208;1.969383363;-0.184849911;93.783
-0.4874533;1.172919976;-0.633240071;93.43
-1.156631;1.815375043;-1.16587487;92.61
-1.818493;2.07936352;-1.651909441;92.184
-2.460483;2.460602868;-2.254191396;91.602
-3.072423;3.172470117;-3.022589648;90.634
-3.641597;3.729993746;-3.933018761;89.773
-4.159895;4.31767184;-4.824984481;88.888
-4.617777;5.11624479;-5.77726563;87.772
-5.007296;4.719324785;-6.623025644;86.887
-5.321455;5.383316875;-7.388049375;85.968
-5.55453;5.919776017;-7.818671948;85.288
-5.702864;5.314834358;-8.133496925;84.788
-5.764074;5.322034007;-8.11189798;84.788
-5.737047;5.42828735;-7.721137951;84.812
-5.62194;5.055317016;-6.110048952;85.722
-5.421617;4.925755546;-4.332733361;87.444
-5.138619;3.681798992;-2.946603024;89.15
-4.777719;2.563342885;-1.948971346;90.601
-4.344797;1.620209756;-1.283370732;91.766
-3.846055;0.93289884;-0.789303481;92.618
-3.289759;0.582791321;-0.459626038;93.078
-2.686721;0.389049984;-0.107850049;93.389
-2.044413;0.183048759;0.186146278;93.693
-1.375238;0.769283726;0.369851179;94.168
-0.6887319;0.406549001;0.709647003;94.644
0.001112988;0.361450665;0.967351996;94.775
0.6839631;0.54779783;1.427393491;94.742
1.34837;1.257032877;1.884098631;95.185
1.982728;1.341952002;2.459856006;95.292
2.576386;1.788761795;3.134285385;95.07
3.117736;2.169316121;4.104948364;95.013
3.59883;3.278133905;5.070401715;95.226
4.010925;3.68044277;6.229328309;95.21
4.346388;4.284812603;7.10643781;94.898
4.599813;4.873248346;7.986745037;94.603
4.767385;5.125066282;8.520198845;94.529
4.845926;5.254036793;8.613110379;94.431
4.834319;5.062838075;7.793514226;94.349
4.734794;3.570495875;3.562487626;94.431
4.549574;2.679984287;1.94695286;94.783
4.279932;2.17808158;1.476244739;95.128
3.929683;1.990431808;1.330295425;95.267
3.505187;1.851716847;1.160150542;95.349
3.012487;1.990740362;0.938221085;95.136
2.459847;2.146225906;0.738677719;94.914
1.858558;2.349026617;0.53707985;94.644
1.217047;2.47577377;0.128321309;94.381
0.5464397;1.881019387;-0.131941839;93.889
-0.1421338;1.872400991;-0.550797028;93.758
-0.8354761;2.442271816;-1.031184552;93.028
-1.522937;1.97656924;-1.543292281;92.323
-2.192272;2.282569802;-2.248290595;91.782
-2.832671;1.975812988;-3.069561037;91.815
-3.431417;1.789228605;-3.899314186;91.725
-3.979445;3.285878747;-4.845363758;90.913
-4.465946;3.923180592;-5.933458223;89.913
-4.883286;4.822550175;-6.754349476;88.74
-5.223836;5.495036482;-7.517890554;87.813
-5.48219;5.082494411;-8.116516767;87.026
-5.653419;4.680136942;-8.462589173;87.313
-5.734025;3.772709317;-8.55087205;88.191
-5.72401;4.20227873;-8.246163809;87.863
-5.622258;6.722395814;-6.661812559;87.871
-5.43211;5.30676972;-4.857690839;89.888
-5.155472;3.628167897;-3.275496309;92.094
-4.79791;2.834494633;-2.1405161;93.266
-4.363557;2.056327388;-1.448017835;94.275
-3.859887;1.034502965;-0.898491105;95.48
-3.295323;0.425266282;-0.488201153;96.226
-2.679726;0.501592704;-0.136221889;96.267
-2.022474;1.203777349;0.104332046;96.645
-1.333582;0.670568779;0.397706336;97.276
-0.6273631;0.268290081;0.789870244;97.809
0.08664872;0.409459348;0.991378043;97.735
0.7966839;0.578257814;1.425773441;97.711
1.488119;0.140143211;1.881429634;98.301
2.151096;0.339415602;2.404246806;98.276
2.774165;0.751621422;3.076864265;98.088
3.345564;2.009165265;4.020495794;98.145
3.856868;2.090922732;4.979768197;98.383
4.297421;2.533492856;6.160478569;98.334
4.660546;3.276505092;7.159515277;97.924
4.939728;4.936564665;8.131693994;97.588
5.130513;5.163876413;8.786629239;97.579
5.229719;5.307850136;8.900550408;97.473
5.236397;5.249600083;8.28180025;97.325
5.150386;4.174639195;4.516917585;97.145
4.976295;3.824129878;2.211389633;96.727
4.714602;3.339885164;1.619655493;97.014
4.368011;2.479408618;1.324225853;97.776
3.943197;1.356996736;1.130990207;97.834
3.446521;1.89124198;0.984725941;97.251
2.887999;1.833144403;0.786433209;97.243
2.274469;1.930374302;0.586122905;97.079
1.618489;1.182485536;0.334456607;96.743
0.9300742;1.668657924;-0.052026228;96.128
0.2214689;1.741533378;-0.496399867;95.907
-0.4960384;0.91127906;-0.947162821;95.587
-1.208618;1.698161938;-1.538514187;94.603
-1.90546;2.095673146;-2.241980561;93.971
-2.574317;2.593833954;-3.033498139;93.209
-3.202157;3.405487222;-3.970538335;92.085
-3.778962;4.244055347;-4.970833959;90.913
-4.295352;4.932506009;-6.004481974;89.88
-4.740834;5.65656948;-6.907291561;88.855
-5.109048;6.310857972;-7.701426084;87.936
-5.392839;6.084252701;-8.357241898;86.944
-5.587598;6.506725577;-8.760823269;86.387
-5.689509;6.649642962;-8.851071113;86.214
-5.697141;6.650201681;-8.603394958;86.296
-5.610175;6.691539271;-7.297382186;86.69
-5.431155;5.617657634;-5.353027097;88.412
-5.162785;4.294513491;-3.688459526;90.29
-4.808721;2.947688979;-2.415933063;92.061
-4.374686;1.774734859;-1.557795424;93.52
-3.868154;1.048685135;-0.978944596;94.439
-3.295642;0.514700816;-0.513897553;95.128
-2.669392;0.263084255;-0.161747234;95.497
-1.996559;0.968165286;0.132495857;95.89
-1.291292;0.614310973;0.447932919;96.349
-0.5639267;0.019917355;0.683752065;97.022
0.1734559;0.163172237;0.99051671;96.981
0.9081352;1.218853556;1.451560669;97.079
1.628346;0.852250503;1.878751508;97.588
2.319304;1.00193855;2.37581565;97.604
2.971945;1.521519857;3.121559571;97.333
3.574347;3.219109036;3.984327109;95.923
4.114267;4.087998365;5.090995096;95.423
4.584073;3.479974257;6.389922772;96.464
4.975658;4.196811358;7.532434073;96.128
5.280754;6.553643407;8.59993022;94.127
5.495864;7.137695279;9.296085837;93.775
5.616853;6.412856863;9.581570589;94.595
5.641973;7.174188574;9.036565722;93.652
5.571383;5.605563028;5.608689085;93.078
5.409217;3.511519462;2.572558386;94.16
5.156268;2.437586838;1.711760514;94.947
4.815558;2.527666475;1.417999425;94.759
4.392017;1.611162749;1.149488246;94.586
3.893275;1.266692064;1.004076192;94.882
3.3276;1.209895684;0.857687053;94.89
2.704847;1.68554489;0.634634669;94.34
2.035034;2.061161816;0.384485448;93.881
1.328655;2.163453487;0.076360461;93.676
0.6008118;2.409203409;-0.365389773;93.283
-0.1397494;2.749701655;-0.918895036;92.758
-0.8772904;2.260792664;-1.452622008;92.069
-1.601634;2.765046634;-2.153860099;91.331
-2.29768;3.25685674;-2.89242978;90.593
-2.954774;4.141703732;-3.852888803;89.388
-3.562581;3.766638383;-4.90608485;88.412
-4.108065;4.567508711;-6.022473867;87.239
-4.58296;5.305097795;-6.980706614;86.182
-4.978837;6.102237952;-7.886286143;85.083
-5.288862;5.802709654;-8.514871038;84.173
-5.508741;6.245813376;-9.057559871;83.549
-5.632274;6.547048016;-9.260855953;83.18
-5.65962;6.736725652;-8.985823045;83.082
-5.588553;6.570970129;-7.932089612;83.599
-5.422252;5.747982778;-5.877051667;85.107
-5.162785;4.338935017;-4.10119495;87.108
-4.814445;2.177564665;-2.662306005;89.749
-4.38216;1.277227415;-1.748317756;91.954
-3.873242;1.013303835;-1.088088494;92.438
-3.294847;0.726104476;-0.596686571;92.889
-2.658262;0.082631989;-0.190104032;93.668
-1.972869;0.477155028;0.132465083;94.381
-1.251227;0.491251914;0.447755743;94.472
-0.5031936;-0.037479998;0.655560006;95.07
0.256128;-0.221371642;0.964885075;95.357
1.015451;0.800002273;1.39800682;95.48
1.762691;0.76114837;1.79744511;95.652
2.482265;0.91054685;2.320640549;95.677
3.164319;0.984653653;2.911960958;95.8
3.796293;2.141554964;3.799664893;95.939
4.367533;2.27110604;4.953318119;96.194
4.86691;2.890814171;6.197442513;95.989
5.286638;3.959161807;7.434485421;95.333
5.619556;5.444910663;8.61873199;95.242
5.860104;5.478182921;9.114548763;95.374
6.004145;6.046998675;9.614996024;94.972
6.049298;6.234758644;9.218275932;94.652
5.995718;5.121577763;6.37073329;94.816
5.847226;3.392472977;2.75841893;95.341
5.604293;2.820462428;1.852387285;95.611
5.270103;2.419573589;1.510720768;95.898
4.849423;2.141530955;1.267592864;96.095
4.349092;1.307403709;1.126211126;95.882
3.778168;1.413406316;0.904218949;95.702
3.146353;1.348462127;0.70938638;95.702
2.463505;1.814849444;0.482548331;95.16
1.742817;2.27074591;0.17923773;94.603
0.9943047;2.600556132;-0.235331603;94.135
0.2337117;2.762507513;-0.733477461;93.807
-0.5292676;3.065798727;-1.42260382;93.274
-1.280004;2.931319386;-2.147041843;92.167
-2.003872;3.357168009;-2.909495972;91.487
-2.690856;4.11902007;-3.89693979;90.396
-3.327757;4.924826936;-4.923519192;89.248
-3.903926;4.701445075;-6.010664774;88.109
-4.408074;5.520055432;-7.049833704;86.944
-4.833683;6.280127923;-8.06661623;85.845
-5.17153;7.066823002;-8.781530993;84.82
-5.415416;6.729220871;-9.326337388;83.976
-5.562956;7.053928612;-9.558214165;83.574
-5.609857;6.393243183;-9.425270452;84.279
-5.556914;5.515731287;-8.56280614;85.444
-5.404128;6.423073457;-6.455779628;86.239
-5.155154;5.415872583;-4.458382252;87.912
-4.813491;3.454836326;-2.937491023;90.38
-4.384385;1.851126468;-1.967620597;92.307
-3.874514;1.394933442;-1.197199673;93.02
-3.291667;0.7309487;-0.705153901;93.848
-2.64618;0.144703624;-0.297889128;94.57
-1.949021;-0.187855299;0.132434104;95.046
-1.21148;0.563084578;0.369253735;95.374
-0.4451637;-0.037023216;0.707930352;96.087
0.3370533;-0.115368855;0.988893434;96.259
1.121655;1.027194148;1.344582443;96.235
1.893855;0.727213754;1.770641261;96.677
2.642524;0.916161129;2.241483388;96.645
3.353991;1.114656588;2.932969764;96.677
4.016807;2.162651822;3.790955465;96.915
4.617619;2.251180997;5.04054299;97.243
5.147683;3.139248761;6.105746284;96.71
5.596821;3.958348568;7.384045703;96.317
5.957881;5.228486325;8.512458975;96.423
6.22482;5.711453651;9.421360953;96.243
6.392392;6.29631304;9.84693912;95.8
6.458848;6.441860607;9.69258182;95.603
6.423871;5.412404934;7.270214802;95.825
6.289528;3.633519631;3.136558892;96.226
6.058678;2.979512937;1.939538811;96.481
5.73196;2.351118409;1.503355227;96.964
5.315096;2.139760282;1.337280847;97.12
4.8154;2.27246598;1.144397941;96.923
4.240502;2.576720647;0.950161941;96.554
3.600421;2.495221289;0.780663868;96.579
2.907079;1.486113937;0.53134181;96.505
2.170969;2.205721771;0.254165313;95.693
1.40497;2.651399049;-0.130802854;95.119
0.6214813;2.87885349;-0.678439531;94.709
-0.1655046;1.952743025;-1.389770925;94.398
-0.9415209;2.864758855;-1.902723435;93.315
-1.693529;3.468352083;-2.82194375;92.405
-2.410561;4.0613455;-3.724963501;91.511
-3.077353;3.962847487;-4.857457539;90.232
-3.683093;4.830255647;-5.969233058;88.994
-4.218561;5.751077755;-7.091766735;87.699
-4.672787;6.377609504;-8.164171487;86.715
-5.038139;6.222893325;-9.072320025;85.567
-5.309213;6.960884896;-9.564345312;84.665
-5.480442;7.391707088;-9.993878736;84.091
-5.548806;7.543224117;-9.860327648;83.984
-5.514147;7.531779112;-9.279662663;84.189
-5.376623;6.947547677;-7.14435697;85.485
-5.139255;5.609054593;-5.009836222;87.535
-4.805542;4.058145517;-3.293563448;89.658
-4.380729;2.516063474;-2.186809577;91.569
-3.871016;1.446787425;-1.386637725;92.905
-3.284672;0.800241322;-0.839276034;93.734
-2.631552;0.347732804;-0.402801588;94.332
-1.923424;1.047902358;0.050707075;94.783
-1.169985;0.554645423;0.34393627;95.374
-0.3866566;-0.002912251;0.735263247;96.062
0.4159111;1.024544803;1.01563441;96.128
1.224042;0.828339447;1.26401834;96.407
2.022952;0.577259943;1.68977983;96.8
2.800717;0.791932867;2.186798601;96.751
3.542233;2.021867579;2.876602736;96.751
4.234462;1.856845569;3.758536708;97.21
4.867071;2.01552337;4.77757011;97.391
5.427181;3.108093242;6.111279725;96.743
5.906527;4.738413241;7.435239722;96.554
6.296206;4.979888332;8.678664997;96.727
6.590013;5.714724397;9.65317319;96.317
6.782388;6.428270857;10.34181257;95.833
6.87126;6.54028616;10.38085848;95.734
6.855203;5.82363059;8.626891771;95.866
6.736917;3.929840636;3.683521907;96.112
6.518469;2.969052089;2.103156268;96.546
6.20113;2.389462526;1.594387579;96.956
5.789832;2.16982843;1.403485289;97.112
5.291407;2.19613673;1.188410191;97.014
4.713966;2.338292358;1.071877073;96.833
4.067525;1.494005973;0.753017918;96.571
3.363847;1.453099648;0.606298943;96.563
2.612952;1.771311128;0.279933383;96.136
1.829783;2.422631185;-0.103106445;95.357
1.026579;1.897425436;-0.571723692;94.726
0.2168585;2.122185219;-1.202444343;94.291
-0.5847546;2.520733656;-1.923799032;93.652
-1.36554;3.502642047;-2.86607386;92.356
-2.111506;3.143222972;-3.821331084;91.397
-2.807709;4.021090811;-4.952727566;90.142
-3.444612;4.896616995;-6.064149016;88.896
-4.009811;5.833775408;-7.212673775;87.576
-4.493927;5.786721469;-8.340835594;86.247
-4.493927;5.786721469;-8.340835594;86.247
